run_id,snapshot_hour_utc,captured_at_utc,viewer_mode,vantage_id,post_uri,post_cid,label_src,label_val,label_neg,label_uri,label_cts
d4a0d7e9667345c196e96c0112f21965,2026-03-02T18:00:00Z,2026-03-02T18:22:06Z,auth,auth_enUS_labelerexp,at://did:plc:24hcmr3xnoq4aqarx6mk7haw/app.bsky.feed.post/3mfxi5up2c22c,bafyreiapvj24dvglpcvef3hifizmcbjoofqpit3xo6uhqbfeusz2iurw74,did:plc:ar7c4by46qjdydhdevvrndac,needs-review,,did:plc:24hcmr3xnoq4aqarx6mk7haw,2026-02-28T23:49:42.907Z
d4a0d7e9667345c196e96c0112f21965,2026-03-02T18:00:00Z,2026-03-02T18:22:06Z,auth,auth_enUS_labelerexp,at://did:plc:27crc2omwoffbid5pemkn5cp/app.bsky.feed.post/3mfzfxmifj22e,bafyreiheyhrorzbg2rvzfqxsrweum7ynirgfmmwz7n7m62x5skpzpfh6eq,did:plc:uac6er53o2pvr5y2qmvaf7hw,meta-link,,at://did:plc:27crc2omwoffbid5pemkn5cp/app.bsky.actor.profile/self,2026-01-25T17:22:10.907Z
d4a0d7e9667345c196e96c0112f21965,2026-03-02T18:00:00Z,2026-03-02T18:22:06Z,auth,auth_enUS_labelerexp,at://did:plc:27crc2omwoffbid5pemkn5cp/app.bsky.feed.post/3mfzfxmifj22e,bafyreiheyhrorzbg2rvzfqxsrweum7ynirgfmmwz7n7m62x5skpzpfh6eq,did:plc:27crc2omwoffbid5pemkn5cp,!no-unauthenticated,,at://did:plc:27crc2omwoffbid5pemkn5cp/app.bsky.actor.profile/self,1970-01-01T00:00:00.000Z
d4a0d7e9667345c196e96c0112f21965,2026-03-02T18:00:00Z,2026-03-02T18:22:06Z,auth,auth_enUS_labelerexp,at://did:plc:7tsidzrz2y2wmuttyk4lwvk5/app.bsky.feed.post/3mg2jaxes7k2a,bafyreifivntnlt5fsj7xbuwbrbml3zttikribdhl2cljareqpzt6arvtqq,did:plc:7tsidzrz2y2wmuttyk4lwvk5,sexual,,at://did:plc:7tsidzrz2y2wmuttyk4lwvk5/app.bsky.feed.post/3mg2jaxes7k2a,2026-03-02T05:24:42.188Z
d4a0d7e9667345c196e96c0112f21965,2026-03-02T18:00:00Z,2026-03-02T18:22:06Z,auth,auth_enUS_labelerexp,at://did:plc:b3kvfti55ckbdn4ufjhb4e23/app.bsky.feed.post/3mfyw3nbbu22a,bafyreictoevmz7fjqfqs2bfxrp5txcz6ddbezkehes6hmnfvwxbjclmtte,did:plc:b3kvfti55ckbdn4ufjhb4e23,sexual,,at://did:plc:b3kvfti55ckbdn4ufjhb4e23/app.bsky.feed.post/3mfyw3nbbu22a,2026-03-01T14:09:02.968Z
d4a0d7e9667345c196e96c0112f21965,2026-03-02T18:00:00Z,2026-03-02T18:22:06Z,auth,auth_enUS_labelerexp,at://did:plc:thzejlfu6f3gd3wu2hijjex7/app.bsky.feed.post/3mg3rkfhytk2w,bafyreifeicvyzzazppruzd2j5zgf6uoin53do7uwacpvxed24k72rxga44,did:plc:uac6er53o2pvr5y2qmvaf7hw,meta-link,,at://did:plc:thzejlfu6f3gd3wu2hijjex7/app.bsky.actor.profile/self,2025-08-31T04:36:07.167Z
d4a0d7e9667345c196e96c0112f21965,2026-03-02T18:00:00Z,2026-03-02T18:22:06Z,auth,auth_enUS_labelerexp,at://did:plc:xsrzvvhtgqel4bb7uosxgcko/app.bsky.feed.post/3mfwott2eo227,bafyreiei73ikpzxfwiaexgrtb7fw6bga2lwtkcb6nzqm3h2g5zhhgkktuu,did:plc:uac6er53o2pvr5y2qmvaf7hw,telegram-link,,at://did:plc:xsrzvvhtgqel4bb7uosxgcko/app.bsky.actor.profile/self,2026-02-21T16:43:33.819Z
d4a0d7e9667345c196e96c0112f21965,2026-03-02T18:00:00Z,2026-03-02T18:22:06Z,auth,auth_enUS_labelerexp,at://did:plc:2pz3dttzddgkmnoxq4rmjmwr/app.bsky.feed.post/3mg2pfcaw6k2l,bafyreidip3igjcpbya3n3ksczauq6csyjkpmj6btoojxzhviwq6ni4lyse,did:plc:ar7c4by46qjdydhdevvrndac,nudity,,at://did:plc:2pz3dttzddgkmnoxq4rmjmwr/app.bsky.actor.profile/self,2025-12-27T19:05:59.498Z
d4a0d7e9667345c196e96c0112f21965,2026-03-02T18:00:00Z,2026-03-02T18:22:06Z,auth,auth_enUS_labelerexp,at://did:plc:2fklngwgamps432cnvb6l2gg/app.bsky.feed.post/3mfy5akruc22q,bafyreibalz3lu4srcc2uhanqaqmkdsyq6m3hsigb62lfpl2u2ykrjlpp7i,did:plc:ar7c4by46qjdydhdevvrndac,needs-review,,did:plc:2fklngwgamps432cnvb6l2gg,2026-03-01T14:10:38.432Z
d4a0d7e9667345c196e96c0112f21965,2026-03-02T18:00:00Z,2026-03-02T18:22:06Z,auth,auth_enUS_labelerexp,at://did:plc:p4toftkkxwbunyw2gmaohik6/app.bsky.feed.post/3mfwrz4auu22t,bafyreieun7cdagwpmrrdeknpwh2a3hlhzuivrfq74fvarsgzsgbesfnium,did:plc:p4toftkkxwbunyw2gmaohik6,nudity,,at://did:plc:p4toftkkxwbunyw2gmaohik6/app.bsky.feed.post/3mfwrz4auu22t,2026-02-28T17:50:43.587Z
d4a0d7e9667345c196e96c0112f21965,2026-03-02T18:00:00Z,2026-03-02T18:22:06Z,auth,auth_enUS_labelerexp,at://did:plc:t5iqsocerwslzhhl326ai4qg/app.bsky.feed.post/3mg2qizn6fk2r,bafyreicacaza6m7i5w45xbd3ft5folb54pwb2p5seeko43vxa4ns6nquy4,did:plc:t5iqsocerwslzhhl326ai4qg,porn,,at://did:plc:t5iqsocerwslzhhl326ai4qg/app.bsky.feed.post/3mg2qizn6fk2r,2026-03-02T07:34:29.186Z
d4a0d7e9667345c196e96c0112f21965,2026-03-02T18:00:00Z,2026-03-02T18:22:06Z,auth,auth_enUS_labelerexp,at://did:plc:gescxikttdebu5m3w2n6rlmh/app.bsky.feed.post/3mfyunm2lh22i,bafyreieoyvij5mcoz4uxhnjhs44kvvo526qco5vf7jzmoyja4wkjuq7eba,did:plc:ar7c4by46qjdydhdevvrndac,porn,,at://did:plc:gescxikttdebu5m3w2n6rlmh/app.bsky.feed.post/3mfyunm2lh22i,2026-03-01T13:43:23.849Z
d4a0d7e9667345c196e96c0112f21965,2026-03-02T18:00:00Z,2026-03-02T18:22:06Z,auth,auth_enUS_labelerexp,at://did:plc:arao3akqgki42leymv6wwbe6/app.bsky.feed.post/3mfzy6iiju22d,bafyreic6hqwtwgg2uig5csojrtrspp5zbbkleod4rvbm6nwegb7ljd5c3i,did:plc:arao3akqgki42leymv6wwbe6,!no-unauthenticated,,at://did:plc:arao3akqgki42leymv6wwbe6/app.bsky.actor.profile/self,2025-06-11T03:37:31.852Z
d4a0d7e9667345c196e96c0112f21965,2026-03-02T18:00:00Z,2026-03-02T18:22:06Z,auth,auth_enUS_labelerexp,at://did:plc:2ffnzmm7jflwdj4fiarbrhei/app.bsky.feed.post/3mg2gjnhjhk2b,bafyreic2ixagwoakesgajairfvtsouz4bweg7l5rr3guxctbvstb6gc6mu,did:plc:2ffnzmm7jflwdj4fiarbrhei,!no-unauthenticated,,at://did:plc:2ffnzmm7jflwdj4fiarbrhei/app.bsky.actor.profile/self,1970-01-01T00:00:00.000Z
d4a0d7e9667345c196e96c0112f21965,2026-03-02T18:00:00Z,2026-03-02T18:22:06Z,auth,auth_enUS_labelerexp,at://did:plc:h2kbxhc4zunna4bhuatefeve/app.bsky.feed.post/3mg2ligayss2y,bafyreidef5skfxd3le7oa7lkgsvzpie2nbfhxo3uyjxkw5mz6fhefsclgu,did:plc:h2kbxhc4zunna4bhuatefeve,!no-unauthenticated,,at://did:plc:h2kbxhc4zunna4bhuatefeve/app.bsky.actor.profile/self,2026-01-25T19:17:34.604Z
d4a0d7e9667345c196e96c0112f21965,2026-03-02T18:00:00Z,2026-03-02T18:22:06Z,auth,auth_enUS_labelerexp,at://did:plc:kiklhivyg5aniju5hbrgllgm/app.bsky.feed.post/3mg3fww6wpk2p,bafyreia6qoovgy2hl3t3qqaxmr4avzmzxe4tvop2d7tnibvordck3csqpy,did:plc:kiklhivyg5aniju5hbrgllgm,!no-unauthenticated,,at://did:plc:kiklhivyg5aniju5hbrgllgm/app.bsky.actor.profile/self,1970-01-01T00:00:00.000Z
d4a0d7e9667345c196e96c0112f21965,2026-03-02T18:00:00Z,2026-03-02T18:22:07Z,auth,auth_enUS_labelerexp,at://did:plc:43qdetnstpy6tfgjfbr44lby/app.bsky.feed.post/3mg3turacuc2k,bafyreibixqpvqrh2hqbx652cktdripuo2ynvyq7kfeue77p2lui4nk6ohy,did:plc:uac6er53o2pvr5y2qmvaf7hw,meta-link,,at://did:plc:43qdetnstpy6tfgjfbr44lby/app.bsky.actor.profile/self,2025-04-09T15:58:50.710Z
d4a0d7e9667345c196e96c0112f21965,2026-03-02T18:00:00Z,2026-03-02T18:22:07Z,auth,auth_enUS_labelerexp,at://did:plc:ishfoh6z4zr4kucikm2c5s7f/app.bsky.feed.post/3mg3qhtkxx42q,bafyreihqwhdpwfhkarrrg4garvs6gn2ktprf5qb7liosldtd43xxdjcqnu,did:plc:ishfoh6z4zr4kucikm2c5s7f,!no-unauthenticated,,at://did:plc:ishfoh6z4zr4kucikm2c5s7f/app.bsky.actor.profile/self,2024-09-17T07:45:46.814Z
d4a0d7e9667345c196e96c0112f21965,2026-03-02T18:00:00Z,2026-03-02T18:22:07Z,auth,auth_enUS_labelerexp,at://did:plc:pk6qyfslahqmq5t5zurniytn/app.bsky.feed.post/3mg3prse5wc27,bafyreibgqbt7awus55w32elfhhldmqv5vtj7cg4zf57h2rvzbr4djzr5cq,did:plc:pk6qyfslahqmq5t5zurniytn,!no-unauthenticated,,at://did:plc:pk6qyfslahqmq5t5zurniytn/app.bsky.actor.profile/self,2024-11-18T19:18:26.025Z
d4a0d7e9667345c196e96c0112f21965,2026-03-02T18:00:00Z,2026-03-02T18:22:07Z,auth,auth_enUS_labelerexp,at://did:plc:dvmqpaw6qrrtmdi3evyvzbuc/app.bsky.feed.post/3mg3oqobofc2t,bafyreicywuhohezvgglgbba47b7mkefiijxi4j5hajcoo252yal3cgrllm,did:plc:uac6er53o2pvr5y2qmvaf7hw,meta-link,,at://did:plc:dvmqpaw6qrrtmdi3evyvzbuc/app.bsky.actor.profile/self,2025-11-12T01:17:27.293Z
d4a0d7e9667345c196e96c0112f21965,2026-03-02T18:00:00Z,2026-03-02T18:22:07Z,auth,auth_enUS_labelerexp,at://did:plc:w4obmjaas5a3ba2yxb7ylnl7/app.bsky.feed.post/3mg3m3t6wds22,bafyreiglnmktw4lwmdaywtnzodninguywu4bwm6fnj4q5ahi7i5sc7c5ie,did:plc:uac6er53o2pvr5y2qmvaf7hw,x-link,,at://did:plc:w4obmjaas5a3ba2yxb7ylnl7/app.bsky.actor.profile/self,2025-12-25T03:52:22.671Z
d4a0d7e9667345c196e96c0112f21965,2026-03-02T18:00:00Z,2026-03-02T18:22:07Z,auth,auth_enUS_labelerexp,at://did:plc:w4obmjaas5a3ba2yxb7ylnl7/app.bsky.feed.post/3mg3m3t6wds22,bafyreiglnmktw4lwmdaywtnzodninguywu4bwm6fnj4q5ahi7i5sc7c5ie,did:plc:w4obmjaas5a3ba2yxb7ylnl7,!no-unauthenticated,,at://did:plc:w4obmjaas5a3ba2yxb7ylnl7/app.bsky.actor.profile/self,1970-01-01T00:00:00.000Z
d4a0d7e9667345c196e96c0112f21965,2026-03-02T18:00:00Z,2026-03-02T18:22:07Z,auth,auth_enUS_labelerexp,at://did:plc:nir4547i63s5plxcz43l3kx4/app.bsky.feed.post/3mg3kungxi22k,bafyreigddbboaha4spantrrz6ek2yo46hrcljy32hsz3hwucxwom2e4sqm,did:plc:uac6er53o2pvr5y2qmvaf7hw,abusive,,did:plc:nir4547i63s5plxcz43l3kx4,2025-10-07T22:36:45.572Z
d4a0d7e9667345c196e96c0112f21965,2026-03-02T18:00:00Z,2026-03-02T18:22:07Z,auth,auth_enUS_labelerexp,at://did:plc:nir4547i63s5plxcz43l3kx4/app.bsky.feed.post/3mg3kungxi22k,bafyreigddbboaha4spantrrz6ek2yo46hrcljy32hsz3hwucxwom2e4sqm,did:plc:uac6er53o2pvr5y2qmvaf7hw,blocks,,did:plc:nir4547i63s5plxcz43l3kx4,2025-12-11T23:39:12.863Z
d4a0d7e9667345c196e96c0112f21965,2026-03-02T18:00:00Z,2026-03-02T18:22:07Z,auth,auth_enUS_labelerexp,at://did:plc:nir4547i63s5plxcz43l3kx4/app.bsky.feed.post/3mg3kungxi22k,bafyreigddbboaha4spantrrz6ek2yo46hrcljy32hsz3hwucxwom2e4sqm,did:plc:uac6er53o2pvr5y2qmvaf7hw,disinfo,,did:plc:nir4547i63s5plxcz43l3kx4,2025-10-07T22:36:45.572Z
d4a0d7e9667345c196e96c0112f21965,2026-03-02T18:00:00Z,2026-03-02T18:22:07Z,auth,auth_enUS_labelerexp,at://did:plc:nir4547i63s5plxcz43l3kx4/app.bsky.feed.post/3mg3kfzt2qs2k,bafyreidytpcojurxdajcmoi2ylgersvhobe4k4utpwu4wv7yhkz5ap5txi,did:plc:uac6er53o2pvr5y2qmvaf7hw,abusive,,did:plc:nir4547i63s5plxcz43l3kx4,2025-10-07T22:36:45.572Z
d4a0d7e9667345c196e96c0112f21965,2026-03-02T18:00:00Z,2026-03-02T18:22:07Z,auth,auth_enUS_labelerexp,at://did:plc:nir4547i63s5plxcz43l3kx4/app.bsky.feed.post/3mg3kfzt2qs2k,bafyreidytpcojurxdajcmoi2ylgersvhobe4k4utpwu4wv7yhkz5ap5txi,did:plc:uac6er53o2pvr5y2qmvaf7hw,blocks,,did:plc:nir4547i63s5plxcz43l3kx4,2025-12-11T23:39:12.863Z
d4a0d7e9667345c196e96c0112f21965,2026-03-02T18:00:00Z,2026-03-02T18:22:07Z,auth,auth_enUS_labelerexp,at://did:plc:nir4547i63s5plxcz43l3kx4/app.bsky.feed.post/3mg3kfzt2qs2k,bafyreidytpcojurxdajcmoi2ylgersvhobe4k4utpwu4wv7yhkz5ap5txi,did:plc:uac6er53o2pvr5y2qmvaf7hw,disinfo,,did:plc:nir4547i63s5plxcz43l3kx4,2025-10-07T22:36:45.572Z
d4a0d7e9667345c196e96c0112f21965,2026-03-02T18:00:00Z,2026-03-02T18:22:07Z,auth,auth_enUS_labelerexp,at://did:plc:nir4547i63s5plxcz43l3kx4/app.bsky.feed.post/3mg3jk6omf22k,bafyreiat6sa26ia7r6qpknsh3dm3kcq3m2g2t3z4tdnr7whll2posk4rua,did:plc:uac6er53o2pvr5y2qmvaf7hw,abusive,,did:plc:nir4547i63s5plxcz43l3kx4,2025-10-07T22:36:45.572Z
d4a0d7e9667345c196e96c0112f21965,2026-03-02T18:00:00Z,2026-03-02T18:22:07Z,auth,auth_enUS_labelerexp,at://did:plc:nir4547i63s5plxcz43l3kx4/app.bsky.feed.post/3mg3jk6omf22k,bafyreiat6sa26ia7r6qpknsh3dm3kcq3m2g2t3z4tdnr7whll2posk4rua,did:plc:uac6er53o2pvr5y2qmvaf7hw,blocks,,did:plc:nir4547i63s5plxcz43l3kx4,2025-12-11T23:39:12.863Z
d4a0d7e9667345c196e96c0112f21965,2026-03-02T18:00:00Z,2026-03-02T18:22:07Z,auth,auth_enUS_labelerexp,at://did:plc:nir4547i63s5plxcz43l3kx4/app.bsky.feed.post/3mg3jk6omf22k,bafyreiat6sa26ia7r6qpknsh3dm3kcq3m2g2t3z4tdnr7whll2posk4rua,did:plc:uac6er53o2pvr5y2qmvaf7hw,disinfo,,did:plc:nir4547i63s5plxcz43l3kx4,2025-10-07T22:36:45.572Z
d4a0d7e9667345c196e96c0112f21965,2026-03-02T18:00:00Z,2026-03-02T18:22:07Z,auth,auth_enUS_labelerexp,at://did:plc:nir4547i63s5plxcz43l3kx4/app.bsky.feed.post/3mg3jdt45ik2k,bafyreidbrbia2znzdzuvbbeofo6aewqldt45u3easy7q5crrimtuiss72q,did:plc:uac6er53o2pvr5y2qmvaf7hw,abusive,,did:plc:nir4547i63s5plxcz43l3kx4,2025-10-07T22:36:45.572Z
d4a0d7e9667345c196e96c0112f21965,2026-03-02T18:00:00Z,2026-03-02T18:22:07Z,auth,auth_enUS_labelerexp,at://did:plc:nir4547i63s5plxcz43l3kx4/app.bsky.feed.post/3mg3jdt45ik2k,bafyreidbrbia2znzdzuvbbeofo6aewqldt45u3easy7q5crrimtuiss72q,did:plc:uac6er53o2pvr5y2qmvaf7hw,blocks,,did:plc:nir4547i63s5plxcz43l3kx4,2025-12-11T23:39:12.863Z
d4a0d7e9667345c196e96c0112f21965,2026-03-02T18:00:00Z,2026-03-02T18:22:07Z,auth,auth_enUS_labelerexp,at://did:plc:nir4547i63s5plxcz43l3kx4/app.bsky.feed.post/3mg3jdt45ik2k,bafyreidbrbia2znzdzuvbbeofo6aewqldt45u3easy7q5crrimtuiss72q,did:plc:uac6er53o2pvr5y2qmvaf7hw,disinfo,,did:plc:nir4547i63s5plxcz43l3kx4,2025-10-07T22:36:45.572Z
d4a0d7e9667345c196e96c0112f21965,2026-03-02T18:00:00Z,2026-03-02T18:22:07Z,auth,auth_enUS_labelerexp,at://did:plc:kiklhivyg5aniju5hbrgllgm/app.bsky.feed.post/3mg3fww6wpk2p,bafyreia6qoovgy2hl3t3qqaxmr4avzmzxe4tvop2d7tnibvordck3csqpy,did:plc:kiklhivyg5aniju5hbrgllgm,!no-unauthenticated,,at://did:plc:kiklhivyg5aniju5hbrgllgm/app.bsky.actor.profile/self,1970-01-01T00:00:00.000Z
d4a0d7e9667345c196e96c0112f21965,2026-03-02T18:00:00Z,2026-03-02T18:22:07Z,auth,auth_enUS_labelerexp,at://did:plc:ishfoh6z4zr4kucikm2c5s7f/app.bsky.feed.post/3mg3czxpgu62v,bafyreibvex6xilgrpb4y6xs4stawu5lwu2l6cz6ntv2l5zojbfnungipkq,did:plc:ishfoh6z4zr4kucikm2c5s7f,!no-unauthenticated,,at://did:plc:ishfoh6z4zr4kucikm2c5s7f/app.bsky.actor.profile/self,2024-09-17T07:45:46.814Z
d4a0d7e9667345c196e96c0112f21965,2026-03-02T18:00:00Z,2026-03-02T18:22:07Z,auth,auth_enUS_labelerexp,at://did:plc:a4672fw7lyyw5qlwgf7oexwc/app.bsky.feed.post/3mg3bxhbrzk2s,bafyreiehx3togmk4s7i2vo6limd5uacnmsd3aybi7csw4jdbyne3bjh6oq,did:plc:uac6er53o2pvr5y2qmvaf7hw,blocks,,did:plc:a4672fw7lyyw5qlwgf7oexwc,2025-02-15T13:36:40.699Z
d4a0d7e9667345c196e96c0112f21965,2026-03-02T18:00:00Z,2026-03-02T18:22:07Z,auth,auth_enUS_labelerexp,at://did:plc:ishfoh6z4zr4kucikm2c5s7f/app.bsky.feed.post/3mg2yfnhgpt22,bafyreihx3xseaob7ydkkm4rdtsudacknladcboig6fgenjqzws4f2pgyda,did:plc:ishfoh6z4zr4kucikm2c5s7f,!no-unauthenticated,,at://did:plc:ishfoh6z4zr4kucikm2c5s7f/app.bsky.actor.profile/self,2024-09-17T07:45:46.814Z
d4a0d7e9667345c196e96c0112f21965,2026-03-02T18:00:00Z,2026-03-02T18:22:07Z,auth,auth_enUS_labelerexp,at://did:plc:ishfoh6z4zr4kucikm2c5s7f/app.bsky.feed.post/3mg2vcgw63m2o,bafyreihkapwceyvbllcjugfujl7odv45ctgieg53a7ppzfttqevlmitmim,did:plc:ishfoh6z4zr4kucikm2c5s7f,!no-unauthenticated,,at://did:plc:ishfoh6z4zr4kucikm2c5s7f/app.bsky.actor.profile/self,2024-09-17T07:45:46.814Z
d4a0d7e9667345c196e96c0112f21965,2026-03-02T18:00:00Z,2026-03-02T18:22:07Z,auth,auth_enUS_labelerexp,at://did:plc:ishfoh6z4zr4kucikm2c5s7f/app.bsky.feed.post/3mg2shjlixy22,bafyreif6jh5rmwc6dlcd5crnoopbb5wopqw62eizlwazy44uhge7k2av3y,did:plc:ishfoh6z4zr4kucikm2c5s7f,!no-unauthenticated,,at://did:plc:ishfoh6z4zr4kucikm2c5s7f/app.bsky.actor.profile/self,2024-09-17T07:45:46.814Z
d4a0d7e9667345c196e96c0112f21965,2026-03-02T18:00:00Z,2026-03-02T18:22:12Z,auth,auth_enUS_labelerexp,at://did:plc:uxfgnj445d6imnatrvha2bv6/app.bsky.feed.post/3mg3ujhyd4c2z,bafyreidnijrcym75opufnzg4rx7zut2efmldqjlejmlixz5cxqkrybd7mu,did:plc:uxfgnj445d6imnatrvha2bv6,!no-unauthenticated,,at://did:plc:uxfgnj445d6imnatrvha2bv6/app.bsky.actor.profile/self,1970-01-01T00:00:00.000Z
d4a0d7e9667345c196e96c0112f21965,2026-03-02T18:00:00Z,2026-03-02T18:22:12Z,auth,auth_enUS_labelerexp,at://did:plc:mvxkwzfa3kdji35alzo6tcxu/app.bsky.feed.post/3mg3tyqldas2x,bafyreihplqqyyl65b7ibwyfrbshyjmit7w36fhbwikm6gp424ns7ixhkse,did:plc:mvxkwzfa3kdji35alzo6tcxu,!no-unauthenticated,,at://did:plc:mvxkwzfa3kdji35alzo6tcxu/app.bsky.actor.profile/self,1970-01-01T00:00:00.000Z
d4a0d7e9667345c196e96c0112f21965,2026-03-02T18:00:00Z,2026-03-02T18:22:12Z,auth,auth_enUS_labelerexp,at://did:plc:4gt4kmtdmscyadi6ym4f4rsf/app.bsky.feed.post/3mg3ty3gts22s,bafyreigrzhv72zjivgmextsmftu2gszjkexmllvbydioofhiz2vqlvhlpq,did:plc:4gt4kmtdmscyadi6ym4f4rsf,!no-unauthenticated,,at://did:plc:4gt4kmtdmscyadi6ym4f4rsf/app.bsky.actor.profile/self,1970-01-01T00:00:00.000Z
d4a0d7e9667345c196e96c0112f21965,2026-03-02T18:00:00Z,2026-03-02T18:22:12Z,auth,auth_enUS_labelerexp,at://did:plc:7nuc43fgseduhkay6fxmnyso/app.bsky.feed.post/3mg3tpts75222,bafyreif4t5jy4mdgyvh3uuosx25yadyzwyg2rjk2lrsrsxkua7tb2f64ui,did:plc:uac6er53o2pvr5y2qmvaf7hw,meta-link,,at://did:plc:7nuc43fgseduhkay6fxmnyso/app.bsky.actor.profile/self,2025-12-24T11:07:50.137Z
d4a0d7e9667345c196e96c0112f21965,2026-03-02T18:00:00Z,2026-03-02T18:22:12Z,auth,auth_enUS_labelerexp,at://did:plc:3sqwv2gayomssqareoaft3ep/app.bsky.feed.post/3mg3to2iy2c2w,bafyreiebh5tk6jkrwrrazae4r4p3t6ll6a5di6boxexhruom3rr5w75rle,did:plc:3sqwv2gayomssqareoaft3ep,!no-unauthenticated,,at://did:plc:3sqwv2gayomssqareoaft3ep/app.bsky.actor.profile/self,2025-02-05T18:01:16.797Z
d4a0d7e9667345c196e96c0112f21965,2026-03-02T18:00:00Z,2026-03-02T18:22:12Z,auth,auth_enUS_labelerexp,at://did:plc:atcweoas53rxi5akkz5433wd/app.bsky.feed.post/3mg3tc5zxhk2j,bafyreig2a3rxnnsppntffs5ne6vcwbwhxdqgy7jrq23ryxopwz74vbzrkq,did:plc:atcweoas53rxi5akkz5433wd,!no-unauthenticated,,at://did:plc:atcweoas53rxi5akkz5433wd/app.bsky.actor.profile/self,1970-01-01T00:00:00.000Z
d4a0d7e9667345c196e96c0112f21965,2026-03-02T18:00:00Z,2026-03-02T18:22:12Z,auth,auth_enUS_labelerexp,at://did:plc:wgd54hiqwo77cl5mefyn6av2/app.bsky.feed.post/3mg3stzas5c2s,bafyreibjw7fm4p5mixew4eissfxdtf7dbwh5g3ksmedhyatilqumee4q3e,did:plc:wgd54hiqwo77cl5mefyn6av2,!no-unauthenticated,,at://did:plc:wgd54hiqwo77cl5mefyn6av2/app.bsky.actor.profile/self,1970-01-01T00:00:00.000Z
d4a0d7e9667345c196e96c0112f21965,2026-03-02T18:00:00Z,2026-03-02T18:22:12Z,auth,auth_enUS_labelerexp,at://did:plc:iwl3yxbegpmgysqrk2hwncgl/app.bsky.feed.post/3mg3sqq2t262w,bafyreidswvxekjopvrt2hthyskhzsw5h6eoxpki66gms72cdygzjd6paqu,did:plc:iwl3yxbegpmgysqrk2hwncgl,!no-unauthenticated,,at://did:plc:iwl3yxbegpmgysqrk2hwncgl/app.bsky.actor.profile/self,1970-01-01T00:00:00.000Z
d4a0d7e9667345c196e96c0112f21965,2026-03-02T18:00:00Z,2026-03-02T18:22:12Z,auth,auth_enUS_labelerexp,at://did:plc:kwn3wjvhktls5iffaeuzk3sf/app.bsky.feed.post/3mg3sqoqol22n,bafyreiccvoc6ce56w4hl3e25slbs7ouvax2rt2wf6tx3xpt35x5bygxmoe,did:plc:kwn3wjvhktls5iffaeuzk3sf,!no-unauthenticated,,at://did:plc:kwn3wjvhktls5iffaeuzk3sf/app.bsky.actor.profile/self,1970-01-01T00:00:00.000Z
d4a0d7e9667345c196e96c0112f21965,2026-03-02T18:00:00Z,2026-03-02T18:22:12Z,auth,auth_enUS_labelerexp,at://did:plc:jnpwkm24yxfuomrdaq3tded4/app.bsky.feed.post/3mg3s5ny7l22o,bafyreie457hr3oq2oydtfj7hpugtwan5icqgv3ozzozrmar4wacwbxzanq,did:plc:jnpwkm24yxfuomrdaq3tded4,!no-unauthenticated,,at://did:plc:jnpwkm24yxfuomrdaq3tded4/app.bsky.actor.profile/self,2024-11-08T17:21:45.830Z
d4a0d7e9667345c196e96c0112f21965,2026-03-02T18:00:00Z,2026-03-02T18:22:12Z,auth,auth_enUS_labelerexp,at://did:plc:36h6ttx2g23zqr4accilbvo7/app.bsky.feed.post/3mg3rw26jbk24,bafyreihasbocxavya2etm77bezkjkfnoocsaxr3ogsoo7ut22pfcrwssmm,did:plc:l624mewisyr6hymexmrjkprc,Photographers,,did:plc:36h6ttx2g23zqr4accilbvo7,2024-10-22T06:46:12.783Z
d4a0d7e9667345c196e96c0112f21965,2026-03-02T18:00:00Z,2026-03-02T18:22:12Z,auth,auth_enUS_labelerexp,at://did:plc:36h6ttx2g23zqr4accilbvo7/app.bsky.feed.post/3mg3rw26jbk24,bafyreihasbocxavya2etm77bezkjkfnoocsaxr3ogsoo7ut22pfcrwssmm,did:plc:l624mewisyr6hymexmrjkprc,l-videoeditor,,did:plc:36h6ttx2g23zqr4accilbvo7,2024-10-22T06:46:18.607Z
d4a0d7e9667345c196e96c0112f21965,2026-03-02T18:00:00Z,2026-03-02T18:22:12Z,auth,auth_enUS_labelerexp,at://did:plc:36h6ttx2g23zqr4accilbvo7/app.bsky.feed.post/3mg3rw26jbk24,bafyreihasbocxavya2etm77bezkjkfnoocsaxr3ogsoo7ut22pfcrwssmm,did:plc:l624mewisyr6hymexmrjkprc,videographers,,did:plc:36h6ttx2g23zqr4accilbvo7,2024-10-22T06:46:21.936Z
d4a0d7e9667345c196e96c0112f21965,2026-03-02T18:00:00Z,2026-03-02T18:22:12Z,auth,auth_enUS_labelerexp,at://did:plc:36h6ttx2g23zqr4accilbvo7/app.bsky.feed.post/3mg3rw26jbk24,bafyreihasbocxavya2etm77bezkjkfnoocsaxr3ogsoo7ut22pfcrwssmm,did:plc:l624mewisyr6hymexmrjkprc,writer,,did:plc:36h6ttx2g23zqr4accilbvo7,2024-10-22T06:46:27.587Z
d4a0d7e9667345c196e96c0112f21965,2026-03-02T18:00:00Z,2026-03-02T18:22:14Z,auth,auth_enUS_labelerexp,at://did:plc:gcnrnyiufrle5ib3fomv3o35/app.bsky.feed.post/3mg3mrfzi5f2a,bafyreie5zlnexilbltsf4hthky4pwmfgwbidcpeebj3q2xcusto6msqrne,did:plc:l624mewisyr6hymexmrjkprc,writer,,did:plc:gcnrnyiufrle5ib3fomv3o35,2024-11-23T00:08:01.217Z
d4a0d7e9667345c196e96c0112f21965,2026-03-02T18:00:00Z,2026-03-02T18:22:14Z,auth,auth_enUS_labelerexp,at://did:plc:gcnrnyiufrle5ib3fomv3o35/app.bsky.feed.post/3mg3mrfzi5f2a,bafyreie5zlnexilbltsf4hthky4pwmfgwbidcpeebj3q2xcusto6msqrne,did:plc:gcnrnyiufrle5ib3fomv3o35,!no-unauthenticated,,at://did:plc:gcnrnyiufrle5ib3fomv3o35/app.bsky.actor.profile/self,2024-02-15T16:48:27.808Z
d4a0d7e9667345c196e96c0112f21965,2026-03-02T18:00:00Z,2026-03-02T18:22:14Z,auth,auth_enUS_labelerexp,at://did:plc:xcbnex4tdl2fa3bjopeviia2/app.bsky.feed.post/3mg2zvgc7q22f,bafyreifjdlcxssal7h2kmwrjis3moxoe3cvliawwlhxiv6gwkndkxknrge,did:plc:xcbnex4tdl2fa3bjopeviia2,!no-unauthenticated,,at://did:plc:xcbnex4tdl2fa3bjopeviia2/app.bsky.actor.profile/self,1970-01-01T00:00:00.000Z
d4a0d7e9667345c196e96c0112f21965,2026-03-02T18:00:00Z,2026-03-02T18:22:14Z,auth,auth_enUS_labelerexp,at://did:plc:7mmzru6buw3ab2qsnkf543eb/app.bsky.feed.post/3mg2k73qylc2p,bafyreie6rjrsaks7ww7dyqvtrtvhxsljqf4dfp34yncxjarpaeirlq2v4e,did:plc:7mmzru6buw3ab2qsnkf543eb,!no-unauthenticated,,at://did:plc:7mmzru6buw3ab2qsnkf543eb/app.bsky.actor.profile/self,2024-11-20T03:08:17.333Z
d4a0d7e9667345c196e96c0112f21965,2026-03-02T18:00:00Z,2026-03-02T18:22:14Z,auth,auth_enUS_labelerexp,at://did:plc:7oslqf554gyvd5523tkdzy3c/app.bsky.feed.post/3mg2ijgkvb22c,bafyreicqm34lgeoro5pc6zrmojrlbnm6apdghjqoheimzdyl3hzyydveky,did:plc:7oslqf554gyvd5523tkdzy3c,!no-unauthenticated,,at://did:plc:7oslqf554gyvd5523tkdzy3c/app.bsky.actor.profile/self,1970-01-01T00:00:00.000Z
d4a0d7e9667345c196e96c0112f21965,2026-03-02T18:00:00Z,2026-03-02T18:22:14Z,auth,auth_enUS_labelerexp,at://did:plc:xcbnex4tdl2fa3bjopeviia2/app.bsky.feed.post/3mg2h6mnp7s2k,bafyreidalynfzhebk4jrsbnnbf5kos5dvsoh7ugmrujszdalp2nkylsvtm,did:plc:xcbnex4tdl2fa3bjopeviia2,!no-unauthenticated,,at://did:plc:xcbnex4tdl2fa3bjopeviia2/app.bsky.actor.profile/self,1970-01-01T00:00:00.000Z
d4a0d7e9667345c196e96c0112f21965,2026-03-02T18:00:00Z,2026-03-02T18:22:14Z,auth,auth_enUS_labelerexp,at://did:plc:7mmzru6buw3ab2qsnkf543eb/app.bsky.feed.post/3mg2ghfmqw225,bafyreifayqcbwqx5hznlciwr6wmespvw3vd44tbb4qg2ksgzvf7nipqnni,did:plc:7mmzru6buw3ab2qsnkf543eb,!no-unauthenticated,,at://did:plc:7mmzru6buw3ab2qsnkf543eb/app.bsky.actor.profile/self,2024-11-20T03:08:17.333Z
d4a0d7e9667345c196e96c0112f21965,2026-03-02T18:00:00Z,2026-03-02T18:22:14Z,auth,auth_enUS_labelerexp,at://did:plc:7mmzru6buw3ab2qsnkf543eb/app.bsky.feed.post/3mg2g2k5kdc25,bafyreidakk4mljl7hksulc6mpypxdcqmmjkiug5chjh6a45kwwbq346qx4,did:plc:7mmzru6buw3ab2qsnkf543eb,!no-unauthenticated,,at://did:plc:7mmzru6buw3ab2qsnkf543eb/app.bsky.actor.profile/self,2024-11-20T03:08:17.333Z
d4a0d7e9667345c196e96c0112f21965,2026-03-02T18:00:00Z,2026-03-02T18:22:14Z,auth,auth_enUS_labelerexp,at://did:plc:ldjceu255gubmxplu3wif44o/app.bsky.feed.post/3mg2f66oges25,bafyreibhqjx25kvwfxgiopexwqsubq25tafp7yarix4vqrkm5mhsyoepxi,did:plc:ldjceu255gubmxplu3wif44o,!no-unauthenticated,,at://did:plc:ldjceu255gubmxplu3wif44o/app.bsky.actor.profile/self,1970-01-01T00:00:00.000Z
d4a0d7e9667345c196e96c0112f21965,2026-03-02T18:00:00Z,2026-03-02T18:22:14Z,auth,auth_enUS_labelerexp,at://did:plc:d2zlvd22bkau4i3etopwuxhd/app.bsky.feed.post/3mfzzfulslc2w,bafyreif5kqsqygkoxrl2djmbsqvptbanp4zz2srncazphonm7pcnkcetc4,did:plc:d2zlvd22bkau4i3etopwuxhd,!no-unauthenticated,,at://did:plc:d2zlvd22bkau4i3etopwuxhd/app.bsky.actor.profile/self,2024-11-16T19:39:43.585Z
d4a0d7e9667345c196e96c0112f21965,2026-03-02T18:00:00Z,2026-03-02T18:22:14Z,auth,auth_enUS_labelerexp,at://did:plc:lmmomempab464ondyiko2fsl/app.bsky.feed.post/3mfzzawkbr22w,bafyreidog6dyvyzo7vmavicuzbigs3icfssvhy7myxect353krs52s7hve,did:plc:lmmomempab464ondyiko2fsl,!no-unauthenticated,,at://did:plc:lmmomempab464ondyiko2fsl/app.bsky.actor.profile/self,1970-01-01T00:00:00.000Z
d4a0d7e9667345c196e96c0112f21965,2026-03-02T18:00:00Z,2026-03-02T18:22:14Z,auth,auth_enUS_labelerexp,at://did:plc:jsyvlelqdcugzjw3qhbrsu3x/app.bsky.feed.post/3mfzwvkurys2n,bafyreibsgvtkhkrvu5mrl2virsw5j6qupauo3esj5n2lc2kjhl7zc522f4,did:plc:jsyvlelqdcugzjw3qhbrsu3x,!no-unauthenticated,,at://did:plc:jsyvlelqdcugzjw3qhbrsu3x/app.bsky.actor.profile/self,1970-01-01T00:00:00.000Z
d4a0d7e9667345c196e96c0112f21965,2026-03-02T18:00:00Z,2026-03-02T18:22:14Z,auth,auth_enUS_labelerexp,at://did:plc:5mtqgfdohz2s5rqcva6mttwp/app.bsky.feed.post/3mfzmn7w5y22m,bafyreiej7yhwxxfjyhniaqvom3jd6fuvmpcrddwslvjvh7xkyi3pnshbxi,did:plc:5mtqgfdohz2s5rqcva6mttwp,!no-unauthenticated,,at://did:plc:5mtqgfdohz2s5rqcva6mttwp/app.bsky.actor.profile/self,1970-01-01T00:00:00.000Z
d4a0d7e9667345c196e96c0112f21965,2026-03-02T18:00:00Z,2026-03-02T18:22:14Z,auth,auth_enUS_labelerexp,at://did:plc:jsyvlelqdcugzjw3qhbrsu3x/app.bsky.feed.post/3mfzh5ga6u22n,bafyreihmupsa2jrnalmlzbzrs5aqsatzt7mugmhsvl3htmnoi2f7lial5m,did:plc:jsyvlelqdcugzjw3qhbrsu3x,!no-unauthenticated,,at://did:plc:jsyvlelqdcugzjw3qhbrsu3x/app.bsky.actor.profile/self,1970-01-01T00:00:00.000Z
d4a0d7e9667345c196e96c0112f21965,2026-03-02T18:00:00Z,2026-03-02T18:22:14Z,auth,auth_enUS_labelerexp,at://did:plc:gcnrnyiufrle5ib3fomv3o35/app.bsky.feed.post/3mfzdtix2vi2o,bafyreihm74jbgem4xrxr3t2cy7jnyttsv577td437skmqhejx5o5xwsfsm,did:plc:l624mewisyr6hymexmrjkprc,writer,,did:plc:gcnrnyiufrle5ib3fomv3o35,2024-11-23T00:08:01.217Z
d4a0d7e9667345c196e96c0112f21965,2026-03-02T18:00:00Z,2026-03-02T18:22:14Z,auth,auth_enUS_labelerexp,at://did:plc:gcnrnyiufrle5ib3fomv3o35/app.bsky.feed.post/3mfzdtix2vi2o,bafyreihm74jbgem4xrxr3t2cy7jnyttsv577td437skmqhejx5o5xwsfsm,did:plc:gcnrnyiufrle5ib3fomv3o35,!no-unauthenticated,,at://did:plc:gcnrnyiufrle5ib3fomv3o35/app.bsky.actor.profile/self,2024-02-15T16:48:27.808Z
d4a0d7e9667345c196e96c0112f21965,2026-03-02T18:00:00Z,2026-03-02T18:22:14Z,auth,auth_enUS_labelerexp,at://did:plc:gcnrnyiufrle5ib3fomv3o35/app.bsky.feed.post/3mfzbd46m5n2o,bafyreihm62weleybbpysr7dohv2ghy6agt4joccfx63vfq7d4d6vxjthy4,did:plc:l624mewisyr6hymexmrjkprc,writer,,did:plc:gcnrnyiufrle5ib3fomv3o35,2024-11-23T00:08:01.217Z
d4a0d7e9667345c196e96c0112f21965,2026-03-02T18:00:00Z,2026-03-02T18:22:14Z,auth,auth_enUS_labelerexp,at://did:plc:gcnrnyiufrle5ib3fomv3o35/app.bsky.feed.post/3mfzbd46m5n2o,bafyreihm62weleybbpysr7dohv2ghy6agt4joccfx63vfq7d4d6vxjthy4,did:plc:gcnrnyiufrle5ib3fomv3o35,!no-unauthenticated,,at://did:plc:gcnrnyiufrle5ib3fomv3o35/app.bsky.actor.profile/self,2024-02-15T16:48:27.808Z
d4a0d7e9667345c196e96c0112f21965,2026-03-02T18:00:00Z,2026-03-02T18:22:14Z,auth,auth_enUS_labelerexp,at://did:plc:yqdzx7lewuux7oehegd3hen7/app.bsky.feed.post/3mfz5k7e5hs2m,bafyreidbucyrg4k5ebu7x35fdbls4lihumbbqgun2sfk265x6hfabio4ry,did:plc:uac6er53o2pvr5y2qmvaf7hw,meta-link,,at://did:plc:yqdzx7lewuux7oehegd3hen7/app.bsky.actor.profile/self,2025-07-06T02:42:27.416Z
d4a0d7e9667345c196e96c0112f21965,2026-03-02T18:00:00Z,2026-03-02T18:22:14Z,auth,auth_enUS_labelerexp,at://did:plc:yqdzx7lewuux7oehegd3hen7/app.bsky.feed.post/3mfz5k7e5hs2m,bafyreidbucyrg4k5ebu7x35fdbls4lihumbbqgun2sfk265x6hfabio4ry,did:plc:yqdzx7lewuux7oehegd3hen7,!no-unauthenticated,,at://did:plc:yqdzx7lewuux7oehegd3hen7/app.bsky.actor.profile/self,2024-11-13T22:53:05.353Z
d4a0d7e9667345c196e96c0112f21965,2026-03-02T18:00:00Z,2026-03-02T18:22:14Z,auth,auth_enUS_labelerexp,at://did:plc:hssivdg6d6wqgxcubox7djbh/app.bsky.feed.post/3mfz3y2iwbs2y,bafyreigi5rfws7d2ngrjthnxtpbp622qzryzt3pvef7yxzjfr6nqaeuwdm,did:plc:hssivdg6d6wqgxcubox7djbh,!no-unauthenticated,,at://did:plc:hssivdg6d6wqgxcubox7djbh/app.bsky.actor.profile/self,2024-09-25T06:26:38.787Z
d4a0d7e9667345c196e96c0112f21965,2026-03-02T18:00:00Z,2026-03-02T18:22:14Z,auth,auth_enUS_labelerexp,at://did:plc:jsyvlelqdcugzjw3qhbrsu3x/app.bsky.feed.post/3mfyylaj3rs2z,bafyreifzvidexroesuoe2uoepfjuc5hbglrqyrlrfz5exuxccnxrpzkg6m,did:plc:jsyvlelqdcugzjw3qhbrsu3x,!no-unauthenticated,,at://did:plc:jsyvlelqdcugzjw3qhbrsu3x/app.bsky.actor.profile/self,1970-01-01T00:00:00.000Z
d4a0d7e9667345c196e96c0112f21965,2026-03-02T18:00:00Z,2026-03-02T18:22:14Z,auth,auth_enUS_labelerexp,at://did:plc:xcbnex4tdl2fa3bjopeviia2/app.bsky.feed.post/3mfymuair222j,bafyreihy2vxzs2b3bavqwzkbck27ax5swzvi4pq3ah5rimu36evjkom7oa,did:plc:xcbnex4tdl2fa3bjopeviia2,!no-unauthenticated,,at://did:plc:xcbnex4tdl2fa3bjopeviia2/app.bsky.actor.profile/self,1970-01-01T00:00:00.000Z
d4a0d7e9667345c196e96c0112f21965,2026-03-02T18:00:00Z,2026-03-02T18:22:14Z,auth,auth_enUS_labelerexp,at://did:plc:gft4omwk2w4fzpazuav6ck7j/app.bsky.feed.post/3mfxrlfqxyc2o,bafyreibdsdiuntib6pbgu6c6vq2hacxrcgk2h7wvpvslo73omsxypvz5wy,did:plc:gft4omwk2w4fzpazuav6ck7j,!no-unauthenticated,,at://did:plc:gft4omwk2w4fzpazuav6ck7j/app.bsky.actor.profile/self,1970-01-01T00:00:00.000Z
d4a0d7e9667345c196e96c0112f21965,2026-03-02T18:00:00Z,2026-03-02T18:22:15Z,auth,auth_enUS_labelerexp,at://did:plc:5crzhg5qptx4ipv33ynlszsm/app.bsky.feed.post/3mg3uf5hv7s2x,bafyreid34iop4tlikuflpjg447zyyfgdxfkvzndjeyqg5sv352y5n4uexu,did:plc:uac6er53o2pvr5y2qmvaf7hw,meta-link,,at://did:plc:5crzhg5qptx4ipv33ynlszsm/app.bsky.actor.profile/self,2025-11-28T18:12:02.283Z
d4a0d7e9667345c196e96c0112f21965,2026-03-02T18:00:00Z,2026-03-02T18:22:15Z,auth,auth_enUS_labelerexp,at://did:plc:tzfojyqf3xklfpff2lyb3z3z/app.bsky.feed.post/3mg3rjvigps2e,bafyreifplkwt2v6p4fbvmlcwiypxupxwmxokzba5afhwlkd6tkn7kh7qpu,did:plc:tzfojyqf3xklfpff2lyb3z3z,!no-unauthenticated,,at://did:plc:tzfojyqf3xklfpff2lyb3z3z/app.bsky.actor.profile/self,1970-01-01T00:00:00.000Z
d4a0d7e9667345c196e96c0112f21965,2026-03-02T18:00:00Z,2026-03-02T18:22:15Z,auth,auth_enUS_labelerexp,at://did:plc:cpbgpplszi6kjfm6cia47vlp/app.bsky.feed.post/3mfz6tqgbdk24,bafyreihhorjhuxzamefx6gpjwvbgfmdelpyxnoahnwkhgqh524mloprkqi,did:plc:cpbgpplszi6kjfm6cia47vlp,!no-unauthenticated,,at://did:plc:cpbgpplszi6kjfm6cia47vlp/app.bsky.actor.profile/self,1970-01-01T00:00:00.000Z
d4a0d7e9667345c196e96c0112f21965,2026-03-02T18:00:00Z,2026-03-02T18:22:16Z,auth,auth_enUS_labelerexp,at://did:plc:gnqrx3keehxv3bnfchzkvuts/app.bsky.feed.post/3mg3toetm4s2o,bafyreigbyqxm56tiwao5yuf3tqmwn4f7pcz6gs2fryixapgssp4p4m5o7y,did:plc:gnqrx3keehxv3bnfchzkvuts,!no-unauthenticated,,at://did:plc:gnqrx3keehxv3bnfchzkvuts/app.bsky.actor.profile/self,1970-01-01T00:00:00.000Z
d4a0d7e9667345c196e96c0112f21965,2026-03-02T18:00:00Z,2026-03-02T18:22:16Z,auth,auth_enUS_labelerexp,at://did:plc:t6ykxu3dyr4einyfmch7g552/app.bsky.feed.post/3mg3tmsinds2a,bafyreiciw42dycvdsgv4wcudqjn7iuzc35dqy7smkeegvptcgnux2nmk5y,did:plc:t6ykxu3dyr4einyfmch7g552,!no-unauthenticated,,at://did:plc:t6ykxu3dyr4einyfmch7g552/app.bsky.actor.profile/self,1970-01-01T00:00:00.000Z
d4a0d7e9667345c196e96c0112f21965,2026-03-02T18:00:00Z,2026-03-02T18:22:16Z,auth,auth_enUS_labelerexp,at://did:plc:i435yolpckxpozomgrr4ttdp/app.bsky.feed.post/3mg3thvzqdm2c,bafyreicnnf7tzhrkyefracjf647jrz5eud5ik5mq7bgadjej3fdmqt4fhq,did:plc:i435yolpckxpozomgrr4ttdp,!no-unauthenticated,,at://did:plc:i435yolpckxpozomgrr4ttdp/app.bsky.actor.profile/self,1970-01-01T00:00:00.000Z
d4a0d7e9667345c196e96c0112f21965,2026-03-02T18:00:00Z,2026-03-02T18:22:16Z,auth,auth_enUS_labelerexp,at://did:plc:24dvnnvkldc55nsgtrmb7gkr/app.bsky.feed.post/3mg3t7xppnk23,bafyreiahsolzrplnz5rnwg3gud4t4zde723bo3daqm3r3a2o6y3ordr6r4,did:plc:24dvnnvkldc55nsgtrmb7gkr,!no-unauthenticated,,at://did:plc:24dvnnvkldc55nsgtrmb7gkr/app.bsky.actor.profile/self,1970-01-01T00:00:00.000Z
d4a0d7e9667345c196e96c0112f21965,2026-03-02T18:00:00Z,2026-03-02T18:22:16Z,auth,auth_enUS_labelerexp,at://did:plc:24dvnnvkldc55nsgtrmb7gkr/app.bsky.feed.post/3mg3svj4hss2t,bafyreigc5phxt7codtxk7gqvmozypprtmnevcdaffzw3zuniplnuzjrbve,did:plc:24dvnnvkldc55nsgtrmb7gkr,!no-unauthenticated,,at://did:plc:24dvnnvkldc55nsgtrmb7gkr/app.bsky.actor.profile/self,1970-01-01T00:00:00.000Z
d4a0d7e9667345c196e96c0112f21965,2026-03-02T18:00:00Z,2026-03-02T18:22:16Z,auth,auth_enUS_labelerexp,at://did:plc:qfqaezcboao274realvaernm/app.bsky.feed.post/3mg3ss4ttnk2y,bafyreihbdlz5dstfxq44d7oenshawsmf6zbzxesodm5trmqswwnncdxj4a,did:plc:qfqaezcboao274realvaernm,!no-unauthenticated,,at://did:plc:qfqaezcboao274realvaernm/app.bsky.actor.profile/self,1970-01-01T00:00:00.000Z
d4a0d7e9667345c196e96c0112f21965,2026-03-02T18:00:00Z,2026-03-02T18:22:16Z,auth,auth_enUS_labelerexp,at://did:plc:36h6ttx2g23zqr4accilbvo7/app.bsky.feed.post/3mg3sczm4rs24,bafyreiawuw46x42dudsc6upqxt25hymsnfmbvzebpoz3b6ompz56yobdni,did:plc:l624mewisyr6hymexmrjkprc,Photographers,,did:plc:36h6ttx2g23zqr4accilbvo7,2024-10-22T06:46:12.783Z
d4a0d7e9667345c196e96c0112f21965,2026-03-02T18:00:00Z,2026-03-02T18:22:16Z,auth,auth_enUS_labelerexp,at://did:plc:36h6ttx2g23zqr4accilbvo7/app.bsky.feed.post/3mg3sczm4rs24,bafyreiawuw46x42dudsc6upqxt25hymsnfmbvzebpoz3b6ompz56yobdni,did:plc:l624mewisyr6hymexmrjkprc,l-videoeditor,,did:plc:36h6ttx2g23zqr4accilbvo7,2024-10-22T06:46:18.607Z
d4a0d7e9667345c196e96c0112f21965,2026-03-02T18:00:00Z,2026-03-02T18:22:16Z,auth,auth_enUS_labelerexp,at://did:plc:36h6ttx2g23zqr4accilbvo7/app.bsky.feed.post/3mg3sczm4rs24,bafyreiawuw46x42dudsc6upqxt25hymsnfmbvzebpoz3b6ompz56yobdni,did:plc:l624mewisyr6hymexmrjkprc,videographers,,did:plc:36h6ttx2g23zqr4accilbvo7,2024-10-22T06:46:21.936Z
d4a0d7e9667345c196e96c0112f21965,2026-03-02T18:00:00Z,2026-03-02T18:22:16Z,auth,auth_enUS_labelerexp,at://did:plc:36h6ttx2g23zqr4accilbvo7/app.bsky.feed.post/3mg3sczm4rs24,bafyreiawuw46x42dudsc6upqxt25hymsnfmbvzebpoz3b6ompz56yobdni,did:plc:l624mewisyr6hymexmrjkprc,writer,,did:plc:36h6ttx2g23zqr4accilbvo7,2024-10-22T06:46:27.587Z
d4a0d7e9667345c196e96c0112f21965,2026-03-02T18:00:00Z,2026-03-02T18:22:16Z,auth,auth_enUS_labelerexp,at://did:plc:almysdpdom53dehrsmk4vblq/app.bsky.feed.post/3mg3s7uqmj22x,bafyreigwfvmzz6rurdtgbea7xvvmg2q3vv7hqzejmjr3bing3mj73hxutq,did:plc:almysdpdom53dehrsmk4vblq,!no-unauthenticated,,at://did:plc:almysdpdom53dehrsmk4vblq/app.bsky.actor.profile/self,1970-01-01T00:00:00.000Z
d4a0d7e9667345c196e96c0112f21965,2026-03-02T18:00:00Z,2026-03-02T18:22:16Z,auth,auth_enUS_labelerexp,at://did:plc:sz6ye2x5ll5b7fd3lmdiuegm/app.bsky.feed.post/3mg3rzw5zac2g,bafyreiaamv2fpifhgpmkyqo22ar7za5w7exx625t5zxwtihjwu4rvk4wky,did:plc:sz6ye2x5ll5b7fd3lmdiuegm,!no-unauthenticated,,at://did:plc:sz6ye2x5ll5b7fd3lmdiuegm/app.bsky.actor.profile/self,1970-01-01T00:00:00.000Z
d4a0d7e9667345c196e96c0112f21965,2026-03-02T18:00:00Z,2026-03-02T18:22:16Z,auth,auth_enUS_labelerexp,at://did:plc:lg2is3bh2qsvpcnou4uia3x2/app.bsky.feed.post/3mg3rvzizrk2k,bafyreidydm77lwvb7fw3tdh2be3yy6ljat4uelco7wivofjqx2k3ucjdce,did:plc:lg2is3bh2qsvpcnou4uia3x2,!no-unauthenticated,,at://did:plc:lg2is3bh2qsvpcnou4uia3x2/app.bsky.actor.profile/self,1970-01-01T00:00:00.000Z
d4a0d7e9667345c196e96c0112f21965,2026-03-02T18:00:00Z,2026-03-02T18:22:16Z,auth,auth_enUS_labelerexp,at://did:plc:x7fgbg6pdb37vsegazn3mqtp/app.bsky.feed.post/3mg3rtwnkv22c,bafyreici3kyqwtg3qoxgy6njlxentdgiufi4h244vjsrsxepp35wze6tg4,did:plc:x7fgbg6pdb37vsegazn3mqtp,!no-unauthenticated,,at://did:plc:x7fgbg6pdb37vsegazn3mqtp/app.bsky.actor.profile/self,1970-01-01T00:00:00.000Z
d4a0d7e9667345c196e96c0112f21965,2026-03-02T18:00:00Z,2026-03-02T18:22:16Z,auth,auth_enUS_labelerexp,at://did:plc:tphwva2cbijcvomqj4lz77sw/app.bsky.feed.post/3mg3rsf5mec2d,bafyreiedxj2dqlmnfhq47yxtwfw5sh5ldjganqlwe2dwpe7cmzski2gqgi,did:plc:tphwva2cbijcvomqj4lz77sw,!no-unauthenticated,,at://did:plc:tphwva2cbijcvomqj4lz77sw/app.bsky.actor.profile/self,1970-01-01T00:00:00.000Z
d4a0d7e9667345c196e96c0112f21965,2026-03-02T18:00:00Z,2026-03-02T18:22:16Z,auth,auth_enUS_labelerexp,at://did:plc:l3l2kxjxk5f2redh7ppzoyob/app.bsky.feed.post/3mg3rpfyptk2w,bafyreicrmm36qyvkzaz3os5isc3rcemopq6g2iyyheotgf2sko5r34yxwm,did:plc:l3l2kxjxk5f2redh7ppzoyob,!no-unauthenticated,,at://did:plc:l3l2kxjxk5f2redh7ppzoyob/app.bsky.actor.profile/self,1970-01-01T00:00:00.000Z
d4a0d7e9667345c196e96c0112f21965,2026-03-02T18:00:00Z,2026-03-02T18:22:16Z,auth,auth_enUS_labelerexp,at://did:plc:23wjsvypl7adzladmsjzribh/app.bsky.feed.post/3mg3rkfg5bc2j,bafyreih5a6iyuxpuvu5zx6suuo2w7swltxqi2zhjlueqejiaakqvdynyoy,did:plc:23wjsvypl7adzladmsjzribh,!no-unauthenticated,,at://did:plc:23wjsvypl7adzladmsjzribh/app.bsky.actor.profile/self,1970-01-01T00:00:00.000Z
d4a0d7e9667345c196e96c0112f21965,2026-03-02T18:00:00Z,2026-03-02T18:22:18Z,auth,auth_enUS_labelerexp,at://did:plc:63svojyf3n6p47v3b42zlmdb/app.bsky.feed.post/3lbbjzf7e3s2m,bafyreied4yv3ybrzsu2lit4mczoitjpzuoibpadpk2eqoch6xbj7kflrgq,did:plc:63svojyf3n6p47v3b42zlmdb,!no-unauthenticated,,at://did:plc:63svojyf3n6p47v3b42zlmdb/app.bsky.actor.profile/self,1970-01-01T00:00:00.000Z
d4a0d7e9667345c196e96c0112f21965,2026-03-02T18:00:00Z,2026-03-02T18:22:18Z,auth,auth_enUS_labelerexp,at://did:plc:r3rbw6agdkff4eabxt45rm2a/app.bsky.feed.post/3mg3i3mn7p22k,bafyreiaz5b25t5yl2ry4xn3xrumb27g52koewkfw64a44gmawxicqqa6kq,did:plc:r3rbw6agdkff4eabxt45rm2a,!no-unauthenticated,,at://did:plc:r3rbw6agdkff4eabxt45rm2a/app.bsky.actor.profile/self,1970-01-01T00:00:00.000Z
d4a0d7e9667345c196e96c0112f21965,2026-03-02T18:00:00Z,2026-03-02T18:22:18Z,auth,auth_enUS_labelerexp,at://did:plc:pqn7wjtyefzyc3geseruaigj/app.bsky.feed.post/3mg2w56it77z2,bafyreia4f7nwo4xh6zuns6pa2g3pcycb2y6zoh2s7a2jopfps64gq3apje,did:plc:pqn7wjtyefzyc3geseruaigj,bridged-from-bridgy-fed-activitypub,,at://did:plc:pqn7wjtyefzyc3geseruaigj/app.bsky.actor.profile/self,1970-01-01T00:00:00.000Z
d4a0d7e9667345c196e96c0112f21965,2026-03-02T18:00:00Z,2026-03-02T18:22:18Z,auth,auth_enUS_labelerexp,at://did:plc:ulo5wjl3dead62nnnyywprnq/app.bsky.feed.post/3mfzykgkzvk2o,bafyreiccqpallm4owydnfre2tnous2nzc6u2rrydjw3hlnrclauuo4vdx4,did:plc:ulo5wjl3dead62nnnyywprnq,!no-unauthenticated,,at://did:plc:ulo5wjl3dead62nnnyywprnq/app.bsky.actor.profile/self,1970-01-01T00:00:00.000Z
d4a0d7e9667345c196e96c0112f21965,2026-03-02T18:00:00Z,2026-03-02T18:22:18Z,auth,auth_enUS_labelerexp,at://did:plc:ynqjbtijo6mygh5doqzb65ra/app.bsky.feed.post/3mfzqyiql2226,bafyreibyva6srl7npkqfl2r7g3k5hj435qopggi7ov5lwxnxhdljgocske,did:plc:ynqjbtijo6mygh5doqzb65ra,!no-unauthenticated,,at://did:plc:ynqjbtijo6mygh5doqzb65ra/app.bsky.actor.profile/self,1970-01-01T00:00:00.000Z
d4a0d7e9667345c196e96c0112f21965,2026-03-02T18:00:00Z,2026-03-02T18:22:18Z,auth,auth_enUS_labelerexp,at://did:plc:pngutrbnqwmvcuvofjezommp/app.bsky.feed.post/3mfzpt7wxck2s,bafyreib4whixzqed4ex5wc3lypjr7qavhp4q2glvidktyptbm3b3zoh43e,did:plc:pngutrbnqwmvcuvofjezommp,!no-unauthenticated,,at://did:plc:pngutrbnqwmvcuvofjezommp/app.bsky.actor.profile/self,1970-01-01T00:00:00.000Z
d4a0d7e9667345c196e96c0112f21965,2026-03-02T18:00:00Z,2026-03-02T18:22:18Z,auth,auth_enUS_labelerexp,at://did:plc:jeeonznmbfyb4wi44rldlbli/app.bsky.feed.post/3mfziyazkds2o,bafyreidk2guzfxtgcoaqertsr23fqbafthkeskrsddfstm2zuelktd3y7u,did:plc:jeeonznmbfyb4wi44rldlbli,!no-unauthenticated,,at://did:plc:jeeonznmbfyb4wi44rldlbli/app.bsky.actor.profile/self,1970-01-01T00:00:00.000Z
d4a0d7e9667345c196e96c0112f21965,2026-03-02T18:00:00Z,2026-03-02T18:22:18Z,auth,auth_enUS_labelerexp,at://did:plc:xotxsxk5txlym4wi25nbb4d4/app.bsky.feed.post/3mfzhnazp7fr2,bafyreibs4mfnxxawk277wiros424emnz5nihelqi3ejrhidow5jfitovkq,did:plc:xotxsxk5txlym4wi25nbb4d4,bridged-from-bridgy-fed-activitypub,,at://did:plc:xotxsxk5txlym4wi25nbb4d4/app.bsky.actor.profile/self,1970-01-01T00:00:00.000Z
d4a0d7e9667345c196e96c0112f21965,2026-03-02T18:00:00Z,2026-03-02T18:22:18Z,auth,auth_enUS_labelerexp,at://did:plc:wj7svnevomfon6j3dj4c6ekf/app.bsky.feed.post/3mfz7qxokg225,bafyreidkduh2rcdgxgqg6g4i3rdv34idum63r2wkhvnrxoxpcqgx6s6xkm,did:plc:uac6er53o2pvr5y2qmvaf7hw,abusive,,did:plc:wj7svnevomfon6j3dj4c6ekf,2024-11-26T12:53:04.320Z
d4a0d7e9667345c196e96c0112f21965,2026-03-02T18:00:00Z,2026-03-02T18:22:18Z,auth,auth_enUS_labelerexp,at://did:plc:wj7svnevomfon6j3dj4c6ekf/app.bsky.feed.post/3mfz7qxokg225,bafyreidkduh2rcdgxgqg6g4i3rdv34idum63r2wkhvnrxoxpcqgx6s6xkm,did:plc:uac6er53o2pvr5y2qmvaf7hw,disinfo,,did:plc:wj7svnevomfon6j3dj4c6ekf,2024-11-26T12:53:04.320Z
d4a0d7e9667345c196e96c0112f21965,2026-03-02T18:00:00Z,2026-03-02T18:22:18Z,auth,auth_enUS_labelerexp,at://did:plc:wj7svnevomfon6j3dj4c6ekf/app.bsky.feed.post/3mfz7qxokg225,bafyreidkduh2rcdgxgqg6g4i3rdv34idum63r2wkhvnrxoxpcqgx6s6xkm,did:plc:uac6er53o2pvr5y2qmvaf7hw,disruptive,,did:plc:wj7svnevomfon6j3dj4c6ekf,2024-11-26T12:53:04.320Z
d4a0d7e9667345c196e96c0112f21965,2026-03-02T18:00:00Z,2026-03-02T18:22:18Z,auth,auth_enUS_labelerexp,at://did:plc:wj7svnevomfon6j3dj4c6ekf/app.bsky.feed.post/3mfz7qxokg225,bafyreidkduh2rcdgxgqg6g4i3rdv34idum63r2wkhvnrxoxpcqgx6s6xkm,did:plc:cnn3jrtucivembf66xe6fdfs,anti,,did:plc:wj7svnevomfon6j3dj4c6ekf,2024-05-03T16:52:11.433Z
d4a0d7e9667345c196e96c0112f21965,2026-03-02T18:00:00Z,2026-03-02T18:22:18Z,auth,auth_enUS_labelerexp,at://did:plc:cfockgsxbxvvhhiq4eden2bo/app.bsky.feed.post/3mfz5spqenzt2,bafyreiglsjc5udqpmmffj3hagn63jlmui6sh32mqftav6x47ju6hns5wlm,did:plc:cfockgsxbxvvhhiq4eden2bo,bridged-from-bridgy-fed-activitypub,,at://did:plc:cfockgsxbxvvhhiq4eden2bo/app.bsky.actor.profile/self,1970-01-01T00:00:00.000Z
d4a0d7e9667345c196e96c0112f21965,2026-03-02T18:00:00Z,2026-03-02T18:22:18Z,auth,auth_enUS_labelerexp,at://did:plc:t7k6swq6gr7tgnpm3mg4kvq2/app.bsky.feed.post/3mfz5fwbzys2i,bafyreidyq7ae7razzl5omtweovyaiqmc7zhkaiogabh2g26wfdl4tmwrc4,did:plc:t7k6swq6gr7tgnpm3mg4kvq2,!no-unauthenticated,,at://did:plc:t7k6swq6gr7tgnpm3mg4kvq2/app.bsky.actor.profile/self,1970-01-01T00:00:00.000Z
d4a0d7e9667345c196e96c0112f21965,2026-03-02T18:00:00Z,2026-03-02T18:22:18Z,auth,auth_enUS_labelerexp,at://did:plc:vzkxqxic277qvtviuanbcelj/app.bsky.feed.post/3mfyygsymnk2a,bafyreibtzimjsqcxyvgn2475xlrft4nmwjqsfryx6d4vwi2dyrsekxxfzu,did:plc:ar7c4by46qjdydhdevvrndac,porn,,at://did:plc:vzkxqxic277qvtviuanbcelj/app.bsky.feed.post/3mfyygsymnk2a,2026-03-01T14:51:20.095Z
d4a0d7e9667345c196e96c0112f21965,2026-03-02T18:00:00Z,2026-03-02T18:22:18Z,auth,auth_enUS_labelerexp,at://did:plc:76cw26hwdi25erd35jwlnksr/app.bsky.feed.post/3mfy7qptwbc2t,bafyreiexffhvn7yldktkviljrl2kowt3be7xf42n5r6vwze2hj7kaawj2e,did:plc:76cw26hwdi25erd35jwlnksr,!no-unauthenticated,,at://did:plc:76cw26hwdi25erd35jwlnksr/app.bsky.actor.profile/self,1970-01-01T00:00:00.000Z
d4a0d7e9667345c196e96c0112f21965,2026-03-02T18:00:00Z,2026-03-02T18:22:18Z,auth,auth_enUS_labelerexp,at://did:plc:ulo5wjl3dead62nnnyywprnq/app.bsky.feed.post/3mfxynpdspc2c,bafyreids567mtznto7dqgvm35ll4qzwn3dj2acodxosb3s45bqoy227bri,did:plc:ulo5wjl3dead62nnnyywprnq,!no-unauthenticated,,at://did:plc:ulo5wjl3dead62nnnyywprnq/app.bsky.actor.profile/self,1970-01-01T00:00:00.000Z
d4a0d7e9667345c196e96c0112f21965,2026-03-02T18:00:00Z,2026-03-02T18:22:18Z,auth,auth_enUS_labelerexp,at://did:plc:wj7svnevomfon6j3dj4c6ekf/app.bsky.feed.post/3mfxwtx3hks25,bafyreih76xppxld7dktg5sgyskhjt7ztlkmlee7cml5wjoyyoqv3safv2i,did:plc:uac6er53o2pvr5y2qmvaf7hw,abusive,,did:plc:wj7svnevomfon6j3dj4c6ekf,2024-11-26T12:53:04.320Z
d4a0d7e9667345c196e96c0112f21965,2026-03-02T18:00:00Z,2026-03-02T18:22:18Z,auth,auth_enUS_labelerexp,at://did:plc:wj7svnevomfon6j3dj4c6ekf/app.bsky.feed.post/3mfxwtx3hks25,bafyreih76xppxld7dktg5sgyskhjt7ztlkmlee7cml5wjoyyoqv3safv2i,did:plc:uac6er53o2pvr5y2qmvaf7hw,disinfo,,did:plc:wj7svnevomfon6j3dj4c6ekf,2024-11-26T12:53:04.320Z
d4a0d7e9667345c196e96c0112f21965,2026-03-02T18:00:00Z,2026-03-02T18:22:18Z,auth,auth_enUS_labelerexp,at://did:plc:wj7svnevomfon6j3dj4c6ekf/app.bsky.feed.post/3mfxwtx3hks25,bafyreih76xppxld7dktg5sgyskhjt7ztlkmlee7cml5wjoyyoqv3safv2i,did:plc:uac6er53o2pvr5y2qmvaf7hw,disruptive,,did:plc:wj7svnevomfon6j3dj4c6ekf,2024-11-26T12:53:04.320Z
d4a0d7e9667345c196e96c0112f21965,2026-03-02T18:00:00Z,2026-03-02T18:22:18Z,auth,auth_enUS_labelerexp,at://did:plc:wj7svnevomfon6j3dj4c6ekf/app.bsky.feed.post/3mfxwtx3hks25,bafyreih76xppxld7dktg5sgyskhjt7ztlkmlee7cml5wjoyyoqv3safv2i,did:plc:cnn3jrtucivembf66xe6fdfs,anti,,did:plc:wj7svnevomfon6j3dj4c6ekf,2024-05-03T16:52:11.433Z
d4a0d7e9667345c196e96c0112f21965,2026-03-02T18:00:00Z,2026-03-02T18:22:18Z,auth,auth_enUS_labelerexp,at://did:plc:aq5x5cs4z6solrqkzwapeyb6/app.bsky.feed.post/3mfxtx4f5gc2c,bafyreif3czfgjxcs56wymauqcc7bv7o27qb7ss6x5ywexo36i4kmygsma4,did:plc:aq5x5cs4z6solrqkzwapeyb6,!no-unauthenticated,,at://did:plc:aq5x5cs4z6solrqkzwapeyb6/app.bsky.actor.profile/self,1970-01-01T00:00:00.000Z
d4a0d7e9667345c196e96c0112f21965,2026-03-02T18:00:00Z,2026-03-02T18:22:18Z,auth,auth_enUS_labelerexp,at://did:plc:ulo5wjl3dead62nnnyywprnq/app.bsky.feed.post/3mfxiud2e222h,bafyreigaisc2uv2ngju7upvu723txwteifmmsf57pj27mu2ejwe4mnc25a,did:plc:ulo5wjl3dead62nnnyywprnq,!no-unauthenticated,,at://did:plc:ulo5wjl3dead62nnnyywprnq/app.bsky.actor.profile/self,1970-01-01T00:00:00.000Z
d4a0d7e9667345c196e96c0112f21965,2026-03-02T18:00:00Z,2026-03-02T18:22:18Z,auth,auth_enUS_labelerexp,at://did:plc:7arp7ldcwda6gvcbdchy6cha/app.bsky.feed.post/3mfwr4uxm422x,bafyreicqfgeqhr3zfwctexvvrbbq6bariwgb4xbohvcjjrqd7x5zkyxle4,did:plc:7arp7ldcwda6gvcbdchy6cha,!no-unauthenticated,,at://did:plc:7arp7ldcwda6gvcbdchy6cha/app.bsky.actor.profile/self,1970-01-01T00:00:00.000Z
d4a0d7e9667345c196e96c0112f21965,2026-03-02T18:00:00Z,2026-03-02T18:22:18Z,auth,auth_enUS_labelerexp,at://did:plc:hnnfn4b446n6q5gunwqecz6n/app.bsky.feed.post/3mfwp35cdr22a,bafyreidhaoqhwhstx7q56xn5t2vk6mrnw5gskutvkqklqlva3c72ivggwa,did:plc:hnnfn4b446n6q5gunwqecz6n,!no-unauthenticated,,at://did:plc:hnnfn4b446n6q5gunwqecz6n/app.bsky.actor.profile/self,1970-01-01T00:00:00.000Z
d4a0d7e9667345c196e96c0112f21965,2026-03-02T18:00:00Z,2026-03-02T18:22:19Z,auth,auth_enUS_labelerexp,at://did:plc:aiwdikara4nttlpz3k43gsuq/app.bsky.feed.post/3mg3uccc43c2s,bafyreif3bksoeywomtcyyqqx7bj74e7nu3ouq2etz4mvdt62stgjoykyue,did:plc:aiwdikara4nttlpz3k43gsuq,!no-unauthenticated,,at://did:plc:aiwdikara4nttlpz3k43gsuq/app.bsky.actor.profile/self,1970-01-01T00:00:00.000Z
d4a0d7e9667345c196e96c0112f21965,2026-03-02T18:00:00Z,2026-03-02T18:22:19Z,auth,auth_enUS_labelerexp,at://did:plc:7m5gcs7vyu4wnxv6ks34ye6v/app.bsky.feed.post/3mg3ubofmvc24,bafyreigqx4ykelp2knttmvwnjphtod2azrhxnz462ybw6ri3dfhtpkybfi,did:plc:7m5gcs7vyu4wnxv6ks34ye6v,!no-unauthenticated,,at://did:plc:7m5gcs7vyu4wnxv6ks34ye6v/app.bsky.actor.profile/self,1970-01-01T00:00:00.000Z
d4a0d7e9667345c196e96c0112f21965,2026-03-02T18:00:00Z,2026-03-02T18:22:19Z,auth,auth_enUS_labelerexp,at://did:plc:evk4qlboyfrvl42dbdx3ow4z/app.bsky.feed.post/3mg3u22fen22q,bafyreifgs7xjiplrjdvtrvokoob7f3fxfe6qwvp5tod5y4hdklj65auely,did:plc:evk4qlboyfrvl42dbdx3ow4z,!no-unauthenticated,,at://did:plc:evk4qlboyfrvl42dbdx3ow4z/app.bsky.actor.profile/self,1970-01-01T00:00:00.000Z
d4a0d7e9667345c196e96c0112f21965,2026-03-02T18:00:00Z,2026-03-02T18:22:19Z,auth,auth_enUS_labelerexp,at://did:plc:6ptn4k5fjaedyunxycisqnkk/app.bsky.feed.post/3mg3tzrhvuk2n,bafyreie4yiukjpzf4civfopop7uqn4culazua75fwolwsbo4gn2hhybsfa,did:plc:uac6er53o2pvr5y2qmvaf7hw,disinfo,,did:plc:6ptn4k5fjaedyunxycisqnkk,2025-01-07T14:50:56.400Z
d4a0d7e9667345c196e96c0112f21965,2026-03-02T18:00:00Z,2026-03-02T18:22:19Z,auth,auth_enUS_labelerexp,at://did:plc:6ptn4k5fjaedyunxycisqnkk/app.bsky.feed.post/3mg3tzrhvuk2n,bafyreie4yiukjpzf4civfopop7uqn4culazua75fwolwsbo4gn2hhybsfa,did:plc:uac6er53o2pvr5y2qmvaf7hw,disruptive,,did:plc:6ptn4k5fjaedyunxycisqnkk,2025-01-07T14:50:56.400Z
d4a0d7e9667345c196e96c0112f21965,2026-03-02T18:00:00Z,2026-03-02T18:22:19Z,auth,auth_enUS_labelerexp,at://did:plc:o2dz5dqkt64fdbvnutc4472w/app.bsky.feed.post/3mg3ttg6wou2w,bafyreiccwhhysuwpe2jmtweq3cvao4e5fpslm66y54a5jxpfd67khjhuri,did:plc:uac6er53o2pvr5y2qmvaf7hw,abusive,,did:plc:o2dz5dqkt64fdbvnutc4472w,2024-12-11T15:00:45.064Z
d4a0d7e9667345c196e96c0112f21965,2026-03-02T18:00:00Z,2026-03-02T18:22:19Z,auth,auth_enUS_labelerexp,at://did:plc:o2dz5dqkt64fdbvnutc4472w/app.bsky.feed.post/3mg3ttg6wou2w,bafyreiccwhhysuwpe2jmtweq3cvao4e5fpslm66y54a5jxpfd67khjhuri,did:plc:uac6er53o2pvr5y2qmvaf7hw,blocks,,did:plc:o2dz5dqkt64fdbvnutc4472w,2025-12-30T22:52:00.355Z
d4a0d7e9667345c196e96c0112f21965,2026-03-02T18:00:00Z,2026-03-02T18:22:19Z,auth,auth_enUS_labelerexp,at://did:plc:o2dz5dqkt64fdbvnutc4472w/app.bsky.feed.post/3mg3ttg6wou2w,bafyreiccwhhysuwpe2jmtweq3cvao4e5fpslm66y54a5jxpfd67khjhuri,did:plc:uac6er53o2pvr5y2qmvaf7hw,disinfo,,did:plc:o2dz5dqkt64fdbvnutc4472w,2025-03-09T20:16:49.521Z
d4a0d7e9667345c196e96c0112f21965,2026-03-02T18:00:00Z,2026-03-02T18:22:19Z,auth,auth_enUS_labelerexp,at://did:plc:o2dz5dqkt64fdbvnutc4472w/app.bsky.feed.post/3mg3ttg6wou2w,bafyreiccwhhysuwpe2jmtweq3cvao4e5fpslm66y54a5jxpfd67khjhuri,did:plc:uac6er53o2pvr5y2qmvaf7hw,disruptive,,did:plc:o2dz5dqkt64fdbvnutc4472w,2024-12-17T00:27:00.619Z
d4a0d7e9667345c196e96c0112f21965,2026-03-02T18:00:00Z,2026-03-02T18:22:19Z,auth,auth_enUS_labelerexp,at://did:plc:o2dz5dqkt64fdbvnutc4472w/app.bsky.feed.post/3mg3ttg6wou2w,bafyreiccwhhysuwpe2jmtweq3cvao4e5fpslm66y54a5jxpfd67khjhuri,did:plc:uac6er53o2pvr5y2qmvaf7hw,hate-symbol,,did:plc:o2dz5dqkt64fdbvnutc4472w,2025-11-16T21:38:07.929Z
d4a0d7e9667345c196e96c0112f21965,2026-03-02T18:00:00Z,2026-03-02T18:22:19Z,auth,auth_enUS_labelerexp,at://did:plc:o2dz5dqkt64fdbvnutc4472w/app.bsky.feed.post/3mg3ttg6wou2w,bafyreiccwhhysuwpe2jmtweq3cvao4e5fpslm66y54a5jxpfd67khjhuri,did:plc:uac6er53o2pvr5y2qmvaf7hw,violent,,did:plc:o2dz5dqkt64fdbvnutc4472w,2025-03-30T22:04:20.477Z
d4a0d7e9667345c196e96c0112f21965,2026-03-02T18:00:00Z,2026-03-02T18:22:19Z,auth,auth_enUS_labelerexp,at://did:plc:vikvvruuhasgumt24ul646vx/app.bsky.feed.post/3mg3tjybsgs2l,bafyreibcupgzfg56flmkdaj4nk4xe33r46ltrkyohxsqobkjgstj3zfxh4,did:plc:vikvvruuhasgumt24ul646vx,!no-unauthenticated,,at://did:plc:vikvvruuhasgumt24ul646vx/app.bsky.actor.profile/self,1970-01-01T00:00:00.000Z
d4a0d7e9667345c196e96c0112f21965,2026-03-02T18:00:00Z,2026-03-02T18:22:19Z,auth,auth_enUS_labelerexp,at://did:plc:ykvfxsnswr6rcwdbwocwqajt/app.bsky.feed.post/3mg3tifdv7k2k,bafyreiacsqtesteqonymibpu74mafh26asxxxzmay4uo5pyiclh3b5zfoy,did:plc:ykvfxsnswr6rcwdbwocwqajt,!no-unauthenticated,,at://did:plc:ykvfxsnswr6rcwdbwocwqajt/app.bsky.actor.profile/self,1970-01-01T00:00:00.000Z
d4a0d7e9667345c196e96c0112f21965,2026-03-02T18:00:00Z,2026-03-02T18:22:19Z,auth,auth_enUS_labelerexp,at://did:plc:6r2kpvhxiy3gu6meca5qvhna/app.bsky.feed.post/3mg3tht5x5c2s,bafyreib67ktaiepcca6azwb6nnnha6alk2ajdu7qw5s6ad7yv3c6gz5sai,did:plc:6r2kpvhxiy3gu6meca5qvhna,!no-unauthenticated,,at://did:plc:6r2kpvhxiy3gu6meca5qvhna/app.bsky.actor.profile/self,1970-01-01T00:00:00.000Z
d4a0d7e9667345c196e96c0112f21965,2026-03-02T18:00:00Z,2026-03-02T18:22:19Z,auth,auth_enUS_labelerexp,at://did:plc:oqhejqhljmlu3pganizsztib/app.bsky.feed.post/3mg3tf6s6gw2d,bafyreielwyvpk53xjgxycknvgo5x435bhu6xxl6xki7jcaj4lpgp2ak6su,did:plc:oqhejqhljmlu3pganizsztib,!no-unauthenticated,,at://did:plc:oqhejqhljmlu3pganizsztib/app.bsky.actor.profile/self,1970-01-01T00:00:00.000Z
d4a0d7e9667345c196e96c0112f21965,2026-03-02T18:00:00Z,2026-03-02T18:22:19Z,auth,auth_enUS_labelerexp,at://did:plc:zyq2demh4lorbatgbrsrl3ki/app.bsky.feed.post/3mg3te2r72k2u,bafyreiczoeksmrwxs6f7zdat43ipstklb362uslszyv7qwzpate4trujfy,did:plc:zyq2demh4lorbatgbrsrl3ki,!no-unauthenticated,,at://did:plc:zyq2demh4lorbatgbrsrl3ki/app.bsky.actor.profile/self,1970-01-01T00:00:00.000Z
d4a0d7e9667345c196e96c0112f21965,2026-03-02T18:00:00Z,2026-03-02T18:22:19Z,auth,auth_enUS_labelerexp,at://did:plc:3y6un7djfzvac2t7xscipbkl/app.bsky.feed.post/3mg3tcuolws2u,bafyreibw3uxo27shl2lwszejmyvodsz2dstfz4sp2itzuze7db5ip5omkm,did:plc:3y6un7djfzvac2t7xscipbkl,!no-unauthenticated,,at://did:plc:3y6un7djfzvac2t7xscipbkl/app.bsky.actor.profile/self,2024-11-06T01:23:52.640Z
d4a0d7e9667345c196e96c0112f21965,2026-03-02T18:00:00Z,2026-03-02T18:22:19Z,auth,auth_enUS_labelerexp,at://did:plc:o3bn3yjq365pzihuukprwa4a/app.bsky.feed.post/3mg3t4ykggk2n,bafyreieqcpybg76uvxknhv4uxjjke6y7gdex2xuwauj6i4fty5n7w6kujy,did:plc:uac6er53o2pvr5y2qmvaf7hw,abusive,,did:plc:o3bn3yjq365pzihuukprwa4a,2024-11-20T21:18:48.678Z
d4a0d7e9667345c196e96c0112f21965,2026-03-02T18:00:00Z,2026-03-02T18:22:19Z,auth,auth_enUS_labelerexp,at://did:plc:o3bn3yjq365pzihuukprwa4a/app.bsky.feed.post/3mg3t4ykggk2n,bafyreieqcpybg76uvxknhv4uxjjke6y7gdex2xuwauj6i4fty5n7w6kujy,did:plc:uac6er53o2pvr5y2qmvaf7hw,disinfo,,did:plc:o3bn3yjq365pzihuukprwa4a,2024-11-20T21:18:48.678Z
d4a0d7e9667345c196e96c0112f21965,2026-03-02T18:00:00Z,2026-03-02T18:22:19Z,auth,auth_enUS_labelerexp,at://did:plc:f44n4dqjztm5mjc7kkdz4vkg/app.bsky.feed.post/3mg3t4pbw5k2b,bafyreifazc5wwmxpjbxownwsweldr4tp7vnqjns4iavobb6ih3bvrgwo5m,did:plc:uac6er53o2pvr5y2qmvaf7hw,violent,,did:plc:f44n4dqjztm5mjc7kkdz4vkg,2025-10-07T21:50:50.460Z
d4a0d7e9667345c196e96c0112f21965,2026-03-02T18:00:00Z,2026-03-02T18:22:19Z,auth,auth_enUS_labelerexp,at://did:plc:f44n4dqjztm5mjc7kkdz4vkg/app.bsky.feed.post/3mg3t4pbw5k2b,bafyreifazc5wwmxpjbxownwsweldr4tp7vnqjns4iavobb6ih3bvrgwo5m,did:plc:uac6er53o2pvr5y2qmvaf7hw,meta-link,,at://did:plc:f44n4dqjztm5mjc7kkdz4vkg/app.bsky.actor.profile/self,2025-11-01T12:24:26.558Z
d4a0d7e9667345c196e96c0112f21965,2026-03-02T18:00:00Z,2026-03-02T18:22:19Z,auth,auth_enUS_labelerexp,at://did:plc:f44n4dqjztm5mjc7kkdz4vkg/app.bsky.feed.post/3mg3t4pbw5k2b,bafyreifazc5wwmxpjbxownwsweldr4tp7vnqjns4iavobb6ih3bvrgwo5m,did:plc:f44n4dqjztm5mjc7kkdz4vkg,!no-unauthenticated,,at://did:plc:f44n4dqjztm5mjc7kkdz4vkg/app.bsky.actor.profile/self,1970-01-01T00:00:00.000Z
d4a0d7e9667345c196e96c0112f21965,2026-03-02T18:00:00Z,2026-03-02T18:22:20Z,auth,auth_enUS_labelerexp,at://did:plc:65b3kbil47einb4qjb232cot/app.bsky.feed.post/3mg2aqmahf224,bafyreictiouhvccxk7xiprxgvs64gmggt72ypmphd4uof3j3wyuushl3uq,did:plc:ar7c4by46qjdydhdevvrndac,needs-review,,did:plc:65b3kbil47einb4qjb232cot,2026-02-25T01:35:05.632Z
d4a0d7e9667345c196e96c0112f21965,2026-03-02T18:00:00Z,2026-03-02T18:22:20Z,auth,auth_enUS_labelerexp,at://did:plc:65b3kbil47einb4qjb232cot/app.bsky.feed.post/3mg2aq3s4mc24,bafyreicjgfm76o6rwc2ttyq74fug6v4xdbpkqdnefxywypgjho67hogdym,did:plc:ar7c4by46qjdydhdevvrndac,needs-review,,did:plc:65b3kbil47einb4qjb232cot,2026-02-25T01:35:05.632Z
d4a0d7e9667345c196e96c0112f21965,2026-03-02T18:00:00Z,2026-03-02T18:22:20Z,auth,auth_enUS_labelerexp,at://did:plc:65b3kbil47einb4qjb232cot/app.bsky.feed.post/3mg2apoo55s24,bafyreibe3ar5nijdw436xdjptl4ulnqvqsie6xuumatwouoaapdigrsigy,did:plc:ar7c4by46qjdydhdevvrndac,needs-review,,did:plc:65b3kbil47einb4qjb232cot,2026-02-25T01:35:05.632Z
d4a0d7e9667345c196e96c0112f21965,2026-03-02T18:00:00Z,2026-03-02T18:22:20Z,auth,auth_enUS_labelerexp,at://did:plc:65b3kbil47einb4qjb232cot/app.bsky.feed.post/3mg2apb2ye224,bafyreicpssmqok5o6cqaodt3sjnnypfeo5wpwaltg6p6dqoxemmolklhea,did:plc:ar7c4by46qjdydhdevvrndac,needs-review,,did:plc:65b3kbil47einb4qjb232cot,2026-02-25T01:35:05.632Z
d4a0d7e9667345c196e96c0112f21965,2026-03-02T18:00:00Z,2026-03-02T18:22:20Z,auth,auth_enUS_labelerexp,at://did:plc:65b3kbil47einb4qjb232cot/app.bsky.feed.post/3mg2aosy2o224,bafyreiczcs5yxrk2a7etnzmek574lbvvvl36flewtbp36ke5q34356fftq,did:plc:ar7c4by46qjdydhdevvrndac,needs-review,,did:plc:65b3kbil47einb4qjb232cot,2026-02-25T01:35:05.632Z
d4a0d7e9667345c196e96c0112f21965,2026-03-02T18:00:00Z,2026-03-02T18:22:20Z,auth,auth_enUS_labelerexp,at://did:plc:65b3kbil47einb4qjb232cot/app.bsky.feed.post/3mg2aoe32yk24,bafyreighg4uss5wlvhxn467k46npussxae4t2ta4oaadwu5ai7puicenwi,did:plc:ar7c4by46qjdydhdevvrndac,needs-review,,did:plc:65b3kbil47einb4qjb232cot,2026-02-25T01:35:05.632Z
d4a0d7e9667345c196e96c0112f21965,2026-03-02T18:00:00Z,2026-03-02T18:22:20Z,auth,auth_enUS_labelerexp,at://did:plc:65b3kbil47einb4qjb232cot/app.bsky.feed.post/3mg2anwz3yk24,bafyreic424zhsewau63vmusamtrfv565u5yyvvuw3rzhs2xzmpiwtedc2q,did:plc:ar7c4by46qjdydhdevvrndac,needs-review,,did:plc:65b3kbil47einb4qjb232cot,2026-02-25T01:35:05.632Z
d4a0d7e9667345c196e96c0112f21965,2026-03-02T18:00:00Z,2026-03-02T18:22:20Z,auth,auth_enUS_labelerexp,at://did:plc:65b3kbil47einb4qjb232cot/app.bsky.feed.post/3mg2anmph6224,bafyreidd72x2fnyyjvdjxghkyxwk5qeeazr7ht63oqcvxv2sd7g4k54mde,did:plc:ar7c4by46qjdydhdevvrndac,needs-review,,did:plc:65b3kbil47einb4qjb232cot,2026-02-25T01:35:05.632Z
d4a0d7e9667345c196e96c0112f21965,2026-03-02T18:00:00Z,2026-03-02T18:22:20Z,auth,auth_enUS_labelerexp,at://did:plc:65b3kbil47einb4qjb232cot/app.bsky.feed.post/3mfskdd6v3s2i,bafyreifo2wxvzlii52zvneefg2ol665eponpeva35dsjqsxz5uvspgq44y,did:plc:ar7c4by46qjdydhdevvrndac,needs-review,,did:plc:65b3kbil47einb4qjb232cot,2026-02-25T01:35:05.632Z
d4a0d7e9667345c196e96c0112f21965,2026-03-02T18:00:00Z,2026-03-02T18:22:20Z,auth,auth_enUS_labelerexp,at://did:plc:65b3kbil47einb4qjb232cot/app.bsky.feed.post/3mfskcvz3zk2i,bafyreibslriwtxcryz4zlho67tnafwiteeifbecyppn5ugu76iwqjfv3ru,did:plc:ar7c4by46qjdydhdevvrndac,needs-review,,did:plc:65b3kbil47einb4qjb232cot,2026-02-25T01:35:05.632Z
d4a0d7e9667345c196e96c0112f21965,2026-03-02T18:00:00Z,2026-03-02T18:22:20Z,auth,auth_enUS_labelerexp,at://did:plc:65b3kbil47einb4qjb232cot/app.bsky.feed.post/3mfskcmelxc2i,bafyreic5cc5thv6xcr7c7divhbypajcb5o457a255rg5tmtgwdtygag6n4,did:plc:ar7c4by46qjdydhdevvrndac,needs-review,,did:plc:65b3kbil47einb4qjb232cot,2026-02-25T01:35:05.632Z
d4a0d7e9667345c196e96c0112f21965,2026-03-02T18:00:00Z,2026-03-02T18:22:20Z,auth,auth_enUS_labelerexp,at://did:plc:65b3kbil47einb4qjb232cot/app.bsky.feed.post/3mfskc7f6yc2i,bafyreid6vklfcbj7gyzue75d5whz4fkp4eojmwcsma554pdcrubgv7tt54,did:plc:ar7c4by46qjdydhdevvrndac,needs-review,,did:plc:65b3kbil47einb4qjb232cot,2026-02-25T01:35:05.632Z
d4a0d7e9667345c196e96c0112f21965,2026-03-02T18:00:00Z,2026-03-02T18:22:20Z,auth,auth_enUS_labelerexp,at://did:plc:65b3kbil47einb4qjb232cot/app.bsky.feed.post/3mfskbsfq2s2i,bafyreietleu7buuvt4aacemvl62y72qf7zhycubodilxg2xljf5hlb2jwy,did:plc:ar7c4by46qjdydhdevvrndac,needs-review,,did:plc:65b3kbil47einb4qjb232cot,2026-02-25T01:35:05.632Z
d4a0d7e9667345c196e96c0112f21965,2026-03-02T18:00:00Z,2026-03-02T18:22:20Z,auth,auth_enUS_labelerexp,at://did:plc:65b3kbil47einb4qjb232cot/app.bsky.feed.post/3mfskbhtvjc2i,bafyreicqtxo5q4ookgktvqpavimwdmgl2i2pik3uwfmcv6ggwldevuk6uu,did:plc:ar7c4by46qjdydhdevvrndac,needs-review,,did:plc:65b3kbil47einb4qjb232cot,2026-02-25T01:35:05.632Z
d4a0d7e9667345c196e96c0112f21965,2026-03-02T18:00:00Z,2026-03-02T18:22:20Z,auth,auth_enUS_labelerexp,at://did:plc:65b3kbil47einb4qjb232cot/app.bsky.feed.post/3mfskb3qi2k2i,bafyreiel6pr7lb6elvaljml2c6admusjhoqum5zexduccho33desjijb7i,did:plc:ar7c4by46qjdydhdevvrndac,needs-review,,did:plc:65b3kbil47einb4qjb232cot,2026-02-25T01:35:05.632Z
d4a0d7e9667345c196e96c0112f21965,2026-03-02T18:00:00Z,2026-03-02T18:22:20Z,auth,auth_enUS_labelerexp,at://did:plc:odqmsar3ikz5ubokya4sempk/app.bsky.feed.post/3luit4xmgnk24,bafyreigb7j7sckzrovnaydehyvcdhgluovcuzmpvtgtlnidv5jdgtsgyry,did:plc:l624mewisyr6hymexmrjkprc,artistdesigner,,did:plc:odqmsar3ikz5ubokya4sempk,2025-07-18T21:18:07.510Z
d4a0d7e9667345c196e96c0112f21965,2026-03-02T18:00:00Z,2026-03-02T18:22:20Z,auth,auth_enUS_labelerexp,at://did:plc:z3pcr4ej5cm37v4f2wbme44p/app.bsky.feed.post/3mfqmfrajyc25,bafyreie52kl5ai5ocpuqakpsksrgi5q2tql6uyh67vvwsd7ae53lkyegay,did:plc:l624mewisyr6hymexmrjkprc,artistdesigner,,did:plc:z3pcr4ej5cm37v4f2wbme44p,2024-10-22T07:15:15.689Z
d4a0d7e9667345c196e96c0112f21965,2026-03-02T18:00:00Z,2026-03-02T18:22:20Z,auth,auth_enUS_labelerexp,at://did:plc:z3pcr4ej5cm37v4f2wbme44p/app.bsky.feed.post/3mfqmfrajyc25,bafyreie52kl5ai5ocpuqakpsksrgi5q2tql6uyh67vvwsd7ae53lkyegay,did:plc:z3pcr4ej5cm37v4f2wbme44p,!no-unauthenticated,,at://did:plc:z3pcr4ej5cm37v4f2wbme44p/app.bsky.actor.profile/self,1970-01-01T00:00:00.000Z
d4a0d7e9667345c196e96c0112f21965,2026-03-02T18:00:00Z,2026-03-02T18:22:20Z,auth,auth_enUS_labelerexp,at://did:plc:65b3kbil47einb4qjb232cot/app.bsky.feed.post/3mfpyxmwwes2f,bafyreiff7mewdc75wgt46rqc2mlkd34chvy5xyk5r3r75lq6zoitpwpqeq,did:plc:ar7c4by46qjdydhdevvrndac,needs-review,,did:plc:65b3kbil47einb4qjb232cot,2026-02-25T01:35:05.632Z
d4a0d7e9667345c196e96c0112f21965,2026-03-02T18:00:00Z,2026-03-02T18:22:20Z,auth,auth_enUS_labelerexp,at://did:plc:65b3kbil47einb4qjb232cot/app.bsky.feed.post/3mfpyx4knz22f,bafyreifpsrjshvdegtmtiuuxn3hvenb6qwo73ttg4fnmc7ryn75xhcrveq,did:plc:ar7c4by46qjdydhdevvrndac,needs-review,,did:plc:65b3kbil47einb4qjb232cot,2026-02-25T01:35:05.632Z
d4a0d7e9667345c196e96c0112f21965,2026-03-02T18:00:00Z,2026-03-02T18:22:20Z,auth,auth_enUS_labelerexp,at://did:plc:65b3kbil47einb4qjb232cot/app.bsky.feed.post/3mfpywqgnyk2f,bafyreibnhdxudk6luamwn7p4x3jbbvpun2gvxfx4bokw7fhkg4j65dwlza,did:plc:ar7c4by46qjdydhdevvrndac,needs-review,,did:plc:65b3kbil47einb4qjb232cot,2026-02-25T01:35:05.632Z
d4a0d7e9667345c196e96c0112f21965,2026-03-02T18:00:00Z,2026-03-02T18:22:20Z,auth,auth_enUS_labelerexp,at://did:plc:65b3kbil47einb4qjb232cot/app.bsky.feed.post/3mfpywdeoyk2f,bafyreihkff4dacbmk6d6lxzttm6rar2zpndhwq7td7kanc4jo4fosjmwga,did:plc:ar7c4by46qjdydhdevvrndac,needs-review,,did:plc:65b3kbil47einb4qjb232cot,2026-02-25T01:35:05.632Z
d4a0d7e9667345c196e96c0112f21965,2026-03-02T18:00:00Z,2026-03-02T18:22:20Z,auth,auth_enUS_labelerexp,at://did:plc:65b3kbil47einb4qjb232cot/app.bsky.feed.post/3mfpyvstx322f,bafyreig4ucyils7zvbdyb34jf3jmwf6nxn4bv6obctgwlgpvhwxhalkqaq,did:plc:ar7c4by46qjdydhdevvrndac,needs-review,,did:plc:65b3kbil47einb4qjb232cot,2026-02-25T01:35:05.632Z
d4a0d7e9667345c196e96c0112f21965,2026-03-02T18:00:00Z,2026-03-02T18:22:20Z,auth,auth_enUS_labelerexp,at://did:plc:65b3kbil47einb4qjb232cot/app.bsky.feed.post/3mfpyvdzbmk2f,bafyreigxz4gowpi3gr6hgrm5xncylxrn5wpx3x3nupomzict2sre74p6wm,did:plc:ar7c4by46qjdydhdevvrndac,needs-review,,did:plc:65b3kbil47einb4qjb232cot,2026-02-25T01:35:05.632Z
d4a0d7e9667345c196e96c0112f21965,2026-03-02T18:00:00Z,2026-03-02T18:22:20Z,auth,auth_enUS_labelerexp,at://did:plc:65b3kbil47einb4qjb232cot/app.bsky.feed.post/3mfpyuxoygk2f,bafyreidu7nnzwfoz23vyub7xyeahsclkysdvidiawgkx6epqsgit2cfugi,did:plc:ar7c4by46qjdydhdevvrndac,needs-review,,did:plc:65b3kbil47einb4qjb232cot,2026-02-25T01:35:05.632Z
d4a0d7e9667345c196e96c0112f21965,2026-03-02T18:00:00Z,2026-03-02T18:22:20Z,auth,auth_enUS_labelerexp,at://did:plc:65b3kbil47einb4qjb232cot/app.bsky.feed.post/3mfpyulougs2f,bafyreibkcnjnt2odkp6epizrq4ibwodsvfjnkwgb64oaefpfksdbw4wyoy,did:plc:ar7c4by46qjdydhdevvrndac,needs-review,,did:plc:65b3kbil47einb4qjb232cot,2026-02-25T01:35:05.632Z
d4a0d7e9667345c196e96c0112f21965,2026-03-02T18:00:00Z,2026-03-02T18:22:20Z,auth,auth_enUS_labelerexp,at://did:plc:65b3kbil47einb4qjb232cot/app.bsky.feed.post/3mfpyu3amls2f,bafyreieeksd3l5jlfu477rdp7vacnh7shpksclykz7rnwwql6uunccr5oy,did:plc:ar7c4by46qjdydhdevvrndac,needs-review,,did:plc:65b3kbil47einb4qjb232cot,2026-02-25T01:35:05.632Z
d4a0d7e9667345c196e96c0112f21965,2026-03-02T18:00:00Z,2026-03-02T18:22:20Z,auth,auth_enUS_labelerexp,at://did:plc:65b3kbil47einb4qjb232cot/app.bsky.feed.post/3mfpytii4rk2f,bafyreieffwua5dk6tkltgqdnj4x6lk2xvqmrlhjihg6cu4b3ghtjccnoeq,did:plc:ar7c4by46qjdydhdevvrndac,needs-review,,did:plc:65b3kbil47einb4qjb232cot,2026-02-25T01:35:05.632Z
d4a0d7e9667345c196e96c0112f21965,2026-03-02T18:00:00Z,2026-03-02T18:22:21Z,auth,auth_enUS_labelerexp,at://did:plc:b6uhtbejmvivnw72tcmvam4e/app.bsky.feed.post/3mg3uapvdok22,bafyreie4ruki7z25pm2epo7vrngjsiqdf3txt77lc26vc7uhxkindwvnqe,did:plc:b6uhtbejmvivnw72tcmvam4e,!no-unauthenticated,,at://did:plc:b6uhtbejmvivnw72tcmvam4e/app.bsky.actor.profile/self,1970-01-01T00:00:00.000Z
d4a0d7e9667345c196e96c0112f21965,2026-03-02T18:00:00Z,2026-03-02T18:22:21Z,auth,auth_enUS_labelerexp,at://did:plc:jccmcbclujzvliok43lhiajk/app.bsky.feed.post/3mg3txns2as2e,bafyreibicuwzekxtuy6bxxmgnltggqgcsg5z5hswjas2dtoejhhlmexk5u,did:plc:uac6er53o2pvr5y2qmvaf7hw,violent,,did:plc:jccmcbclujzvliok43lhiajk,2025-06-16T11:45:18.575Z
d4a0d7e9667345c196e96c0112f21965,2026-03-02T18:00:00Z,2026-03-02T18:22:21Z,auth,auth_enUS_labelerexp,at://did:plc:jccmcbclujzvliok43lhiajk/app.bsky.feed.post/3mg3tgu4qw22o,bafyreicrkukmkbgyel3hw5mw56ngce22gl2ypvhag26lik6hbutftqeeeq,did:plc:uac6er53o2pvr5y2qmvaf7hw,violent,,did:plc:jccmcbclujzvliok43lhiajk,2025-06-16T11:45:18.575Z
d4a0d7e9667345c196e96c0112f21965,2026-03-02T18:00:00Z,2026-03-02T18:22:21Z,auth,auth_enUS_labelerexp,at://did:plc:stu4unkwieyt5suhyfl6u5e4/app.bsky.feed.post/3mg3tg4qmic2j,bafyreic4v74zw2bxa3yog45g6dkrgieavvvl2ukfsgte2a6afwbdv6b5yq,did:plc:uac6er53o2pvr5y2qmvaf7hw,abusive,,did:plc:stu4unkwieyt5suhyfl6u5e4,2024-12-11T15:00:44.700Z
d4a0d7e9667345c196e96c0112f21965,2026-03-02T18:00:00Z,2026-03-02T18:22:21Z,auth,auth_enUS_labelerexp,at://did:plc:stu4unkwieyt5suhyfl6u5e4/app.bsky.feed.post/3mg3tg4qmic2j,bafyreic4v74zw2bxa3yog45g6dkrgieavvvl2ukfsgte2a6afwbdv6b5yq,did:plc:uac6er53o2pvr5y2qmvaf7hw,hate-symbol,,did:plc:stu4unkwieyt5suhyfl6u5e4,2025-11-03T05:33:12.622Z
d4a0d7e9667345c196e96c0112f21965,2026-03-02T18:00:00Z,2026-03-02T18:22:21Z,auth,auth_enUS_labelerexp,at://did:plc:stu4unkwieyt5suhyfl6u5e4/app.bsky.feed.post/3mg3tg4qmic2j,bafyreic4v74zw2bxa3yog45g6dkrgieavvvl2ukfsgte2a6afwbdv6b5yq,did:plc:uac6er53o2pvr5y2qmvaf7hw,violent,,did:plc:stu4unkwieyt5suhyfl6u5e4,2025-03-07T03:40:50.630Z
d4a0d7e9667345c196e96c0112f21965,2026-03-02T18:00:00Z,2026-03-02T18:22:21Z,auth,auth_enUS_labelerexp,at://did:plc:stu4unkwieyt5suhyfl6u5e4/app.bsky.feed.post/3mg3tg4qmic2j,bafyreic4v74zw2bxa3yog45g6dkrgieavvvl2ukfsgte2a6afwbdv6b5yq,did:plc:stu4unkwieyt5suhyfl6u5e4,!no-unauthenticated,,at://did:plc:stu4unkwieyt5suhyfl6u5e4/app.bsky.actor.profile/self,1970-01-01T00:00:00.000Z
d4a0d7e9667345c196e96c0112f21965,2026-03-02T18:00:00Z,2026-03-02T18:22:21Z,auth,auth_enUS_labelerexp,at://did:plc:gqppdxlfv4owe7kftvairlvl/app.bsky.feed.post/3mg3te5nn2s25,bafyreievand5gweb3cc4wxhr52ricuvnckma5qkjy2pt5dpe2u57kud6my,did:plc:uac6er53o2pvr5y2qmvaf7hw,meta-link,,at://did:plc:gqppdxlfv4owe7kftvairlvl/app.bsky.actor.profile/self,2026-01-03T01:41:29.658Z
d4a0d7e9667345c196e96c0112f21965,2026-03-02T18:00:00Z,2026-03-02T18:22:21Z,auth,auth_enUS_labelerexp,at://did:plc:gqppdxlfv4owe7kftvairlvl/app.bsky.feed.post/3mg3te5nn2s25,bafyreievand5gweb3cc4wxhr52ricuvnckma5qkjy2pt5dpe2u57kud6my,did:plc:ar7c4by46qjdydhdevvrndac,porn,,at://did:plc:gqppdxlfv4owe7kftvairlvl/app.bsky.actor.profile/self,2024-11-15T04:53:40.355Z
d4a0d7e9667345c196e96c0112f21965,2026-03-02T18:00:00Z,2026-03-02T18:22:21Z,auth,auth_enUS_labelerexp,at://did:plc:gqppdxlfv4owe7kftvairlvl/app.bsky.feed.post/3mg3te5nn2s25,bafyreievand5gweb3cc4wxhr52ricuvnckma5qkjy2pt5dpe2u57kud6my,did:plc:gqppdxlfv4owe7kftvairlvl,!no-unauthenticated,,at://did:plc:gqppdxlfv4owe7kftvairlvl/app.bsky.actor.profile/self,2024-11-14T22:24:45.776Z
d4a0d7e9667345c196e96c0112f21965,2026-03-02T18:00:00Z,2026-03-02T18:22:21Z,auth,auth_enUS_labelerexp,at://did:plc:stu4unkwieyt5suhyfl6u5e4/app.bsky.feed.post/3mg3t2347vs2j,bafyreidlngvi5mdicyqyil56fbnni67skmuwhuljt7odlxulnrmxdgkzmi,did:plc:uac6er53o2pvr5y2qmvaf7hw,abusive,,did:plc:stu4unkwieyt5suhyfl6u5e4,2024-12-11T15:00:44.700Z
d4a0d7e9667345c196e96c0112f21965,2026-03-02T18:00:00Z,2026-03-02T18:22:21Z,auth,auth_enUS_labelerexp,at://did:plc:stu4unkwieyt5suhyfl6u5e4/app.bsky.feed.post/3mg3t2347vs2j,bafyreidlngvi5mdicyqyil56fbnni67skmuwhuljt7odlxulnrmxdgkzmi,did:plc:uac6er53o2pvr5y2qmvaf7hw,hate-symbol,,did:plc:stu4unkwieyt5suhyfl6u5e4,2025-11-03T05:33:12.622Z
d4a0d7e9667345c196e96c0112f21965,2026-03-02T18:00:00Z,2026-03-02T18:22:21Z,auth,auth_enUS_labelerexp,at://did:plc:stu4unkwieyt5suhyfl6u5e4/app.bsky.feed.post/3mg3t2347vs2j,bafyreidlngvi5mdicyqyil56fbnni67skmuwhuljt7odlxulnrmxdgkzmi,did:plc:uac6er53o2pvr5y2qmvaf7hw,violent,,did:plc:stu4unkwieyt5suhyfl6u5e4,2025-03-07T03:40:50.630Z
d4a0d7e9667345c196e96c0112f21965,2026-03-02T18:00:00Z,2026-03-02T18:22:21Z,auth,auth_enUS_labelerexp,at://did:plc:stu4unkwieyt5suhyfl6u5e4/app.bsky.feed.post/3mg3t2347vs2j,bafyreidlngvi5mdicyqyil56fbnni67skmuwhuljt7odlxulnrmxdgkzmi,did:plc:stu4unkwieyt5suhyfl6u5e4,!no-unauthenticated,,at://did:plc:stu4unkwieyt5suhyfl6u5e4/app.bsky.actor.profile/self,1970-01-01T00:00:00.000Z
d4a0d7e9667345c196e96c0112f21965,2026-03-02T18:00:00Z,2026-03-02T18:22:21Z,auth,auth_enUS_labelerexp,at://did:plc:stu4unkwieyt5suhyfl6u5e4/app.bsky.feed.post/3mg3sud3t722j,bafyreidz7vqbtbo4dkh5qmdu37ooxvs6i3m5to67i2pfxsprigvlt4zfd4,did:plc:uac6er53o2pvr5y2qmvaf7hw,abusive,,did:plc:stu4unkwieyt5suhyfl6u5e4,2024-12-11T15:00:44.700Z
d4a0d7e9667345c196e96c0112f21965,2026-03-02T18:00:00Z,2026-03-02T18:22:21Z,auth,auth_enUS_labelerexp,at://did:plc:stu4unkwieyt5suhyfl6u5e4/app.bsky.feed.post/3mg3sud3t722j,bafyreidz7vqbtbo4dkh5qmdu37ooxvs6i3m5to67i2pfxsprigvlt4zfd4,did:plc:uac6er53o2pvr5y2qmvaf7hw,hate-symbol,,did:plc:stu4unkwieyt5suhyfl6u5e4,2025-11-03T05:33:12.622Z
d4a0d7e9667345c196e96c0112f21965,2026-03-02T18:00:00Z,2026-03-02T18:22:21Z,auth,auth_enUS_labelerexp,at://did:plc:stu4unkwieyt5suhyfl6u5e4/app.bsky.feed.post/3mg3sud3t722j,bafyreidz7vqbtbo4dkh5qmdu37ooxvs6i3m5to67i2pfxsprigvlt4zfd4,did:plc:uac6er53o2pvr5y2qmvaf7hw,violent,,did:plc:stu4unkwieyt5suhyfl6u5e4,2025-03-07T03:40:50.630Z
d4a0d7e9667345c196e96c0112f21965,2026-03-02T18:00:00Z,2026-03-02T18:22:21Z,auth,auth_enUS_labelerexp,at://did:plc:stu4unkwieyt5suhyfl6u5e4/app.bsky.feed.post/3mg3sud3t722j,bafyreidz7vqbtbo4dkh5qmdu37ooxvs6i3m5to67i2pfxsprigvlt4zfd4,did:plc:stu4unkwieyt5suhyfl6u5e4,!no-unauthenticated,,at://did:plc:stu4unkwieyt5suhyfl6u5e4/app.bsky.actor.profile/self,1970-01-01T00:00:00.000Z
d4a0d7e9667345c196e96c0112f21965,2026-03-02T18:00:00Z,2026-03-02T18:22:21Z,auth,auth_enUS_labelerexp,at://did:plc:psjek76mfcjrfi7a3qu6cxlw/app.bsky.feed.post/3mg3so7uccc2y,bafyreifuucr2cdyrp5onu4esjmuqbmlljubgykc3dzvygkhwc5owydf3ym,did:plc:psjek76mfcjrfi7a3qu6cxlw,!no-unauthenticated,,at://did:plc:psjek76mfcjrfi7a3qu6cxlw/app.bsky.actor.profile/self,1970-01-01T00:00:00.000Z
d4a0d7e9667345c196e96c0112f21965,2026-03-02T18:00:00Z,2026-03-02T18:22:21Z,auth,auth_enUS_labelerexp,at://did:plc:vrbfjvktbaipqanidi5ybue5/app.bsky.feed.post/3mg3shzfpkc23,bafyreifefjzxn56masra4qifobxhoaxsmrkhk675nognuuylfybplozw3y,did:plc:vrbfjvktbaipqanidi5ybue5,!no-unauthenticated,,at://did:plc:vrbfjvktbaipqanidi5ybue5/app.bsky.actor.profile/self,1970-01-01T00:00:00.000Z
d4a0d7e9667345c196e96c0112f21965,2026-03-02T18:00:00Z,2026-03-02T18:22:21Z,auth,auth_enUS_labelerexp,at://did:plc:vrbfjvktbaipqanidi5ybue5/app.bsky.feed.post/3mg3sdxhg4k23,bafyreiemtgbvvmvtl7ajyuigibl5ysi6koe4fm24v5psnwex5yoituj3gi,did:plc:vrbfjvktbaipqanidi5ybue5,!no-unauthenticated,,at://did:plc:vrbfjvktbaipqanidi5ybue5/app.bsky.actor.profile/self,1970-01-01T00:00:00.000Z
d4a0d7e9667345c196e96c0112f21965,2026-03-02T18:00:00Z,2026-03-02T18:22:21Z,auth,auth_enUS_labelerexp,at://did:plc:stu4unkwieyt5suhyfl6u5e4/app.bsky.feed.post/3mg3sctku7k2j,bafyreigoyzlv563ez3suukvolwh6vqhr4j3unrgpzoocrjatoznpfmznjq,did:plc:uac6er53o2pvr5y2qmvaf7hw,abusive,,did:plc:stu4unkwieyt5suhyfl6u5e4,2024-12-11T15:00:44.700Z
d4a0d7e9667345c196e96c0112f21965,2026-03-02T18:00:00Z,2026-03-02T18:22:21Z,auth,auth_enUS_labelerexp,at://did:plc:stu4unkwieyt5suhyfl6u5e4/app.bsky.feed.post/3mg3sctku7k2j,bafyreigoyzlv563ez3suukvolwh6vqhr4j3unrgpzoocrjatoznpfmznjq,did:plc:uac6er53o2pvr5y2qmvaf7hw,hate-symbol,,did:plc:stu4unkwieyt5suhyfl6u5e4,2025-11-03T05:33:12.622Z
d4a0d7e9667345c196e96c0112f21965,2026-03-02T18:00:00Z,2026-03-02T18:22:21Z,auth,auth_enUS_labelerexp,at://did:plc:stu4unkwieyt5suhyfl6u5e4/app.bsky.feed.post/3mg3sctku7k2j,bafyreigoyzlv563ez3suukvolwh6vqhr4j3unrgpzoocrjatoznpfmznjq,did:plc:uac6er53o2pvr5y2qmvaf7hw,violent,,did:plc:stu4unkwieyt5suhyfl6u5e4,2025-03-07T03:40:50.630Z
d4a0d7e9667345c196e96c0112f21965,2026-03-02T18:00:00Z,2026-03-02T18:22:21Z,auth,auth_enUS_labelerexp,at://did:plc:stu4unkwieyt5suhyfl6u5e4/app.bsky.feed.post/3mg3sctku7k2j,bafyreigoyzlv563ez3suukvolwh6vqhr4j3unrgpzoocrjatoznpfmznjq,did:plc:stu4unkwieyt5suhyfl6u5e4,!no-unauthenticated,,at://did:plc:stu4unkwieyt5suhyfl6u5e4/app.bsky.actor.profile/self,1970-01-01T00:00:00.000Z
d4a0d7e9667345c196e96c0112f21965,2026-03-02T18:00:00Z,2026-03-02T18:22:21Z,auth,auth_enUS_labelerexp,at://did:plc:oeqkft3o5p6cyyun7cmlzd7q/app.bsky.feed.post/3mg3ryzrhyk2w,bafyreid4lt6e52hspzowhakamoum4e4vxilw5ns7lth5efuvojdwglggzy,did:plc:oeqkft3o5p6cyyun7cmlzd7q,sexual,,at://did:plc:oeqkft3o5p6cyyun7cmlzd7q/app.bsky.feed.post/3mg3ryzrhyk2w,2026-03-02T17:33:59.679Z
d4a0d7e9667345c196e96c0112f21965,2026-03-02T18:00:00Z,2026-03-02T18:22:21Z,auth,auth_enUS_labelerexp,at://did:plc:oeqkft3o5p6cyyun7cmlzd7q/app.bsky.feed.post/3mg3ryzrhyk2w,bafyreid4lt6e52hspzowhakamoum4e4vxilw5ns7lth5efuvojdwglggzy,did:plc:oeqkft3o5p6cyyun7cmlzd7q,!no-unauthenticated,,at://did:plc:oeqkft3o5p6cyyun7cmlzd7q/app.bsky.actor.profile/self,1970-01-01T00:00:00.000Z
d4a0d7e9667345c196e96c0112f21965,2026-03-02T18:00:00Z,2026-03-02T18:22:21Z,auth,auth_enUS_labelerexp,at://did:plc:azjs26xeob5q3fh6qcusj3es/app.bsky.feed.post/3mg3rijiiz22v,bafyreifc7edz6xi7ue2eyln5cdam5sqq5tn6vf3h6ezffmwnuwh4jgbou4,did:plc:ar7c4by46qjdydhdevvrndac,porn,,at://did:plc:azjs26xeob5q3fh6qcusj3es/app.bsky.actor.profile/self,2026-02-18T13:33:17.910Z
d4a0d7e9667345c196e96c0112f21965,2026-03-02T18:00:00Z,2026-03-02T18:22:21Z,auth,auth_enUS_labelerexp,at://did:plc:stu4unkwieyt5suhyfl6u5e4/app.bsky.feed.post/3mg3r742n222j,bafyreiatmmfcoksf3wsxkqn5exnk2shqr4jgxuodzf7bo2g7lqc2wyqmyi,did:plc:uac6er53o2pvr5y2qmvaf7hw,abusive,,did:plc:stu4unkwieyt5suhyfl6u5e4,2024-12-11T15:00:44.700Z
d4a0d7e9667345c196e96c0112f21965,2026-03-02T18:00:00Z,2026-03-02T18:22:21Z,auth,auth_enUS_labelerexp,at://did:plc:stu4unkwieyt5suhyfl6u5e4/app.bsky.feed.post/3mg3r742n222j,bafyreiatmmfcoksf3wsxkqn5exnk2shqr4jgxuodzf7bo2g7lqc2wyqmyi,did:plc:uac6er53o2pvr5y2qmvaf7hw,hate-symbol,,did:plc:stu4unkwieyt5suhyfl6u5e4,2025-11-03T05:33:12.622Z
d4a0d7e9667345c196e96c0112f21965,2026-03-02T18:00:00Z,2026-03-02T18:22:21Z,auth,auth_enUS_labelerexp,at://did:plc:stu4unkwieyt5suhyfl6u5e4/app.bsky.feed.post/3mg3r742n222j,bafyreiatmmfcoksf3wsxkqn5exnk2shqr4jgxuodzf7bo2g7lqc2wyqmyi,did:plc:uac6er53o2pvr5y2qmvaf7hw,violent,,did:plc:stu4unkwieyt5suhyfl6u5e4,2025-03-07T03:40:50.630Z
d4a0d7e9667345c196e96c0112f21965,2026-03-02T18:00:00Z,2026-03-02T18:22:21Z,auth,auth_enUS_labelerexp,at://did:plc:stu4unkwieyt5suhyfl6u5e4/app.bsky.feed.post/3mg3r742n222j,bafyreiatmmfcoksf3wsxkqn5exnk2shqr4jgxuodzf7bo2g7lqc2wyqmyi,did:plc:stu4unkwieyt5suhyfl6u5e4,!no-unauthenticated,,at://did:plc:stu4unkwieyt5suhyfl6u5e4/app.bsky.actor.profile/self,1970-01-01T00:00:00.000Z
d4a0d7e9667345c196e96c0112f21965,2026-03-02T18:00:00Z,2026-03-02T18:22:21Z,auth,auth_enUS_labelerexp,at://did:plc:ptql2djmb7v4diujhbd27cn7/app.bsky.feed.post/3mg3r5f6plk2i,bafyreiahtm6uanb4aozzmn3mdcx3e7gxv6uy5a7br3nysk2xnplqpexmgi,did:plc:ptql2djmb7v4diujhbd27cn7,!no-unauthenticated,,at://did:plc:ptql2djmb7v4diujhbd27cn7/app.bsky.actor.profile/self,1970-01-01T00:00:00.000Z
d4a0d7e9667345c196e96c0112f21965,2026-03-02T18:00:00Z,2026-03-02T18:22:21Z,auth,auth_enUS_labelerexp,at://did:plc:stu4unkwieyt5suhyfl6u5e4/app.bsky.feed.post/3mg3qzbbbnk2j,bafyreibddfv4w5ywrpn573at4mfmu3lmr5fc3uzbzypyteshjiskej4h3e,did:plc:uac6er53o2pvr5y2qmvaf7hw,abusive,,did:plc:stu4unkwieyt5suhyfl6u5e4,2024-12-11T15:00:44.700Z
d4a0d7e9667345c196e96c0112f21965,2026-03-02T18:00:00Z,2026-03-02T18:22:21Z,auth,auth_enUS_labelerexp,at://did:plc:stu4unkwieyt5suhyfl6u5e4/app.bsky.feed.post/3mg3qzbbbnk2j,bafyreibddfv4w5ywrpn573at4mfmu3lmr5fc3uzbzypyteshjiskej4h3e,did:plc:uac6er53o2pvr5y2qmvaf7hw,hate-symbol,,did:plc:stu4unkwieyt5suhyfl6u5e4,2025-11-03T05:33:12.622Z
d4a0d7e9667345c196e96c0112f21965,2026-03-02T18:00:00Z,2026-03-02T18:22:21Z,auth,auth_enUS_labelerexp,at://did:plc:stu4unkwieyt5suhyfl6u5e4/app.bsky.feed.post/3mg3qzbbbnk2j,bafyreibddfv4w5ywrpn573at4mfmu3lmr5fc3uzbzypyteshjiskej4h3e,did:plc:uac6er53o2pvr5y2qmvaf7hw,violent,,did:plc:stu4unkwieyt5suhyfl6u5e4,2025-03-07T03:40:50.630Z
d4a0d7e9667345c196e96c0112f21965,2026-03-02T18:00:00Z,2026-03-02T18:22:21Z,auth,auth_enUS_labelerexp,at://did:plc:stu4unkwieyt5suhyfl6u5e4/app.bsky.feed.post/3mg3qzbbbnk2j,bafyreibddfv4w5ywrpn573at4mfmu3lmr5fc3uzbzypyteshjiskej4h3e,did:plc:stu4unkwieyt5suhyfl6u5e4,!no-unauthenticated,,at://did:plc:stu4unkwieyt5suhyfl6u5e4/app.bsky.actor.profile/self,1970-01-01T00:00:00.000Z
d4a0d7e9667345c196e96c0112f21965,2026-03-02T18:00:00Z,2026-03-02T18:22:21Z,auth,auth_enUS_labelerexp,at://did:plc:jccmcbclujzvliok43lhiajk/app.bsky.feed.post/3mg3qr5saf22o,bafyreieyk7gqxm2755xhdsb4kc6xyaszblq22a3g4qk6yxsstz62nknzlm,did:plc:uac6er53o2pvr5y2qmvaf7hw,violent,,did:plc:jccmcbclujzvliok43lhiajk,2025-06-16T11:45:18.575Z
d4a0d7e9667345c196e96c0112f21965,2026-03-02T18:00:00Z,2026-03-02T18:22:21Z,auth,auth_enUS_labelerexp,at://did:plc:5cuydp35tb34ya2udkg645uz/app.bsky.feed.post/3mg3qcekirk2y,bafyreicyplbuyou6nn3qwgurg7lsm5ecjtfral7fkuwu5sxmds357fmdkm,did:plc:5cuydp35tb34ya2udkg645uz,!no-unauthenticated,,at://did:plc:5cuydp35tb34ya2udkg645uz/app.bsky.actor.profile/self,1970-01-01T00:00:00.000Z
d4a0d7e9667345c196e96c0112f21965,2026-03-02T18:00:00Z,2026-03-02T18:22:21Z,auth,auth_enUS_labelerexp,at://did:plc:xbulvyqhqbdgifslnq6gf53w/app.bsky.feed.post/3mg3qbsyalk2q,bafyreidc5jpldkrs3xcogcyle2mtronhpzusdey3ypv7b35p5xht4psv4m,did:plc:xbulvyqhqbdgifslnq6gf53w,!no-unauthenticated,,at://did:plc:xbulvyqhqbdgifslnq6gf53w/app.bsky.actor.profile/self,1970-01-01T00:00:00.000Z
d4a0d7e9667345c196e96c0112f21965,2026-03-02T18:00:00Z,2026-03-02T18:22:21Z,auth,auth_enUS_labelerexp,at://did:plc:gxbgf5igwxvavzqimpi2yavj/app.bsky.feed.post/3mg3qaoahlk2x,bafyreiebgocweeiinm4ezmdqftk2aymqr2cilvkblctxfitlgbwn4dg4ye,did:plc:gxbgf5igwxvavzqimpi2yavj,!no-unauthenticated,,at://did:plc:gxbgf5igwxvavzqimpi2yavj/app.bsky.actor.profile/self,1970-01-01T00:00:00.000Z
d4a0d7e9667345c196e96c0112f21965,2026-03-02T18:00:00Z,2026-03-02T18:22:21Z,auth,auth_enUS_labelerexp,at://did:plc:b6uhtbejmvivnw72tcmvam4e/app.bsky.feed.post/3mg3pjqgnmk2q,bafyreidy7dugepfvzb74rha5pfdcduldb7yhanee53ip2enfjqh246ieli,did:plc:b6uhtbejmvivnw72tcmvam4e,!no-unauthenticated,,at://did:plc:b6uhtbejmvivnw72tcmvam4e/app.bsky.actor.profile/self,1970-01-01T00:00:00.000Z
d4a0d7e9667345c196e96c0112f21965,2026-03-02T18:00:00Z,2026-03-02T18:22:21Z,auth,auth_enUS_labelerexp,at://did:plc:jccmcbclujzvliok43lhiajk/app.bsky.feed.post/3mg3pbvf2gc2t,bafyreibdzfhmjmompwum2stn3yl6dz6fofr2vqg2nxxezsy3ljfw5l56hi,did:plc:uac6er53o2pvr5y2qmvaf7hw,violent,,did:plc:jccmcbclujzvliok43lhiajk,2025-06-16T11:45:18.575Z
d4a0d7e9667345c196e96c0112f21965,2026-03-02T18:00:00Z,2026-03-02T18:22:21Z,auth,auth_enUS_labelerexp,at://did:plc:ptql2djmb7v4diujhbd27cn7/app.bsky.feed.post/3mg3p7prtw22i,bafyreihhx7typfuona2wcy2zpznfihyffrgnpiao7i4o6lhdabu7fpdcge,did:plc:ptql2djmb7v4diujhbd27cn7,!no-unauthenticated,,at://did:plc:ptql2djmb7v4diujhbd27cn7/app.bsky.actor.profile/self,1970-01-01T00:00:00.000Z
d4a0d7e9667345c196e96c0112f21965,2026-03-02T18:00:00Z,2026-03-02T18:22:21Z,auth,auth_enUS_labelerexp,at://did:plc:eb6efohvlacy5k4t5lnve6cb/app.bsky.feed.post/3mg3ot7oizs24,bafyreigcsqr4jsmjduwwkcvaqpixkypj5kaz7jrmsrufcdga2kpjzo2uwy,did:plc:eb6efohvlacy5k4t5lnve6cb,!no-unauthenticated,,at://did:plc:eb6efohvlacy5k4t5lnve6cb/app.bsky.actor.profile/self,1970-01-01T00:00:00.000Z
d4a0d7e9667345c196e96c0112f21965,2026-03-02T18:00:00Z,2026-03-02T18:22:21Z,auth,auth_enUS_labelerexp,at://did:plc:jccmcbclujzvliok43lhiajk/app.bsky.feed.post/3mg3oqeoo6c2t,bafyreigarna27lux53nwczg3buifu5zczppc6z6vccwk3uu3h4lkhrxbgm,did:plc:uac6er53o2pvr5y2qmvaf7hw,violent,,did:plc:jccmcbclujzvliok43lhiajk,2025-06-16T11:45:18.575Z
d4a0d7e9667345c196e96c0112f21965,2026-03-02T18:00:00Z,2026-03-02T18:22:21Z,auth,auth_enUS_labelerexp,at://did:plc:opdbv7c3nrt3bgbf4wnw2rrw/app.bsky.feed.post/3mg3oiwbs5k23,bafyreihlwa24glyrm6giv5swlls6v3v5v2pgtiwaxp7drfwcticnhf5jmi,did:plc:opdbv7c3nrt3bgbf4wnw2rrw,!no-unauthenticated,,at://did:plc:opdbv7c3nrt3bgbf4wnw2rrw/app.bsky.actor.profile/self,1970-01-01T00:00:00.000Z
d4a0d7e9667345c196e96c0112f21965,2026-03-02T18:00:00Z,2026-03-02T18:22:21Z,auth,auth_enUS_labelerexp,at://did:plc:ptql2djmb7v4diujhbd27cn7/app.bsky.feed.post/3mg3nmfrqrs2c,bafyreifrpmr4qaqw7wezj4emhwgtyouj7d256ae7z3lwg3t4sv7bhqsydy,did:plc:ptql2djmb7v4diujhbd27cn7,!no-unauthenticated,,at://did:plc:ptql2djmb7v4diujhbd27cn7/app.bsky.actor.profile/self,1970-01-01T00:00:00.000Z
d4a0d7e9667345c196e96c0112f21965,2026-03-02T18:00:00Z,2026-03-02T18:22:21Z,auth,auth_enUS_labelerexp,at://did:plc:gxbgf5igwxvavzqimpi2yavj/app.bsky.feed.post/3mg3nl5sm622m,bafyreiahspinepcu72hvn3pwq2mt4x3gwpabomgzlulnh4fw4piees5fjm,did:plc:gxbgf5igwxvavzqimpi2yavj,!no-unauthenticated,,at://did:plc:gxbgf5igwxvavzqimpi2yavj/app.bsky.actor.profile/self,1970-01-01T00:00:00.000Z
d4a0d7e9667345c196e96c0112f21965,2026-03-02T18:00:00Z,2026-03-02T18:22:21Z,auth,auth_enUS_labelerexp,at://did:plc:cvysy5pszj33oo5oketnzuaz/app.bsky.feed.post/3mg3ng6zu6k2g,bafyreiaey2tjf6f2nvqfqungn37afdyokeykwql3ph33xjj3lduhluvba4,did:plc:cvysy5pszj33oo5oketnzuaz,!no-unauthenticated,,at://did:plc:cvysy5pszj33oo5oketnzuaz/app.bsky.actor.profile/self,1970-01-01T00:00:00.000Z
d4a0d7e9667345c196e96c0112f21965,2026-03-02T18:00:00Z,2026-03-02T18:22:21Z,auth,auth_enUS_labelerexp,at://did:plc:25a4w47mlwtx3vexjg2khyym/app.bsky.feed.post/3mg3msknhgk2i,bafyreiakxeiiaeeajzyud2h3ktrdqlnug2bufbl5ig3nwrm2nvxm6jh6ha,did:plc:25a4w47mlwtx3vexjg2khyym,porn,,at://did:plc:25a4w47mlwtx3vexjg2khyym/app.bsky.feed.post/3mg3msknhgk2i,2026-03-02T16:00:53.772Z
d4a0d7e9667345c196e96c0112f21965,2026-03-02T18:00:00Z,2026-03-02T18:22:21Z,auth,auth_enUS_labelerexp,at://did:plc:25a4w47mlwtx3vexjg2khyym/app.bsky.feed.post/3mg3msknhgk2i,bafyreiakxeiiaeeajzyud2h3ktrdqlnug2bufbl5ig3nwrm2nvxm6jh6ha,did:plc:25a4w47mlwtx3vexjg2khyym,!no-unauthenticated,,at://did:plc:25a4w47mlwtx3vexjg2khyym/app.bsky.actor.profile/self,1970-01-01T00:00:00.000Z
d4a0d7e9667345c196e96c0112f21965,2026-03-02T18:00:00Z,2026-03-02T18:22:21Z,auth,auth_enUS_labelerexp,at://did:plc:ptql2djmb7v4diujhbd27cn7/app.bsky.feed.post/3mg3mk3gcz22k,bafyreibrsz27amvigvadew5t5ebpuhofls2hhh7d275a5gyeixc7k47t4u,did:plc:ptql2djmb7v4diujhbd27cn7,!no-unauthenticated,,at://did:plc:ptql2djmb7v4diujhbd27cn7/app.bsky.actor.profile/self,1970-01-01T00:00:00.000Z
d4a0d7e9667345c196e96c0112f21965,2026-03-02T18:00:00Z,2026-03-02T18:22:21Z,auth,auth_enUS_labelerexp,at://did:plc:jlzyrhhnfvfmiy3bntbxdiv7/app.bsky.feed.post/3mg3mhkcwbk2w,bafyreieyms7x44m7l6qqiqlrbeg2fxp6lky6ps6zmwmmqjq64ggef6zure,did:plc:jlzyrhhnfvfmiy3bntbxdiv7,!no-unauthenticated,,at://did:plc:jlzyrhhnfvfmiy3bntbxdiv7/app.bsky.actor.profile/self,2024-11-06T13:47:53.833Z
d4a0d7e9667345c196e96c0112f21965,2026-03-02T18:00:00Z,2026-03-02T18:22:21Z,auth,auth_enUS_labelerexp,at://did:plc:ptql2djmb7v4diujhbd27cn7/app.bsky.feed.post/3mg3magmuxc2k,bafyreidazlqauph6usymgc6iwakngxbh44zackcbovhbbmp7hecvhu4mzi,did:plc:ptql2djmb7v4diujhbd27cn7,!no-unauthenticated,,at://did:plc:ptql2djmb7v4diujhbd27cn7/app.bsky.actor.profile/self,1970-01-01T00:00:00.000Z
d4a0d7e9667345c196e96c0112f21965,2026-03-02T18:00:00Z,2026-03-02T18:22:21Z,auth,auth_enUS_labelerexp,at://did:plc:ptql2djmb7v4diujhbd27cn7/app.bsky.feed.post/3mg3m7iys3k2k,bafyreigfcfqw5luyzrdgxzuf6hccyfoxed3j6jaam752a3fnqbo2fd64tm,did:plc:ptql2djmb7v4diujhbd27cn7,!no-unauthenticated,,at://did:plc:ptql2djmb7v4diujhbd27cn7/app.bsky.actor.profile/self,1970-01-01T00:00:00.000Z
d4a0d7e9667345c196e96c0112f21965,2026-03-02T18:00:00Z,2026-03-02T18:22:21Z,auth,auth_enUS_labelerexp,at://did:plc:ptql2djmb7v4diujhbd27cn7/app.bsky.feed.post/3mg3m2qyzhk2k,bafyreihmyriu2eqqzvufigewm4hve5qnld6we64niu5ui6nnlxuujneoye,did:plc:ptql2djmb7v4diujhbd27cn7,!no-unauthenticated,,at://did:plc:ptql2djmb7v4diujhbd27cn7/app.bsky.actor.profile/self,1970-01-01T00:00:00.000Z
d4a0d7e9667345c196e96c0112f21965,2026-03-02T18:00:00Z,2026-03-02T18:22:21Z,auth,auth_enUS_labelerexp,at://did:plc:b6uhtbejmvivnw72tcmvam4e/app.bsky.feed.post/3mg3lolh4bs2x,bafyreigu42benjtgvt24sugyjdrjh2zmqfxtm6jbtpqtkvr2ed63344jqa,did:plc:b6uhtbejmvivnw72tcmvam4e,!no-unauthenticated,,at://did:plc:b6uhtbejmvivnw72tcmvam4e/app.bsky.actor.profile/self,1970-01-01T00:00:00.000Z
d4a0d7e9667345c196e96c0112f21965,2026-03-02T18:00:00Z,2026-03-02T18:22:22Z,auth,auth_enUS_labelerexp,at://did:plc:cynm7xc22puvtpszxsefc52s/app.bsky.feed.post/3mg3t4emcem2s,bafyreihfit3qbl7jbymuuj5wkg6qllss33s6qsbojnipdvihgulmzcafoe,did:plc:cynm7xc22puvtpszxsefc52s,!no-unauthenticated,,at://did:plc:cynm7xc22puvtpszxsefc52s/app.bsky.actor.profile/self,1970-01-01T00:00:00.000Z
d4a0d7e9667345c196e96c0112f21965,2026-03-02T18:00:00Z,2026-03-02T18:22:22Z,auth,auth_enUS_labelerexp,at://did:plc:6aq6ngdtecq6tv6s2qhna7be/app.bsky.feed.post/3mg3t2jbrlc2t,bafyreigr5jlgnwg3mkbire6speivd7sfzxdmebltxrtojemcge2qqcheya,did:plc:6aq6ngdtecq6tv6s2qhna7be,sexual,,at://did:plc:6aq6ngdtecq6tv6s2qhna7be/app.bsky.feed.post/3mg3t2jbrlc2t,2026-03-02T17:52:43.238Z
d4a0d7e9667345c196e96c0112f21965,2026-03-02T18:00:00Z,2026-03-02T18:22:22Z,auth,auth_enUS_labelerexp,at://did:plc:wgf2omogiwfvdei7bchh5s7r/app.bsky.feed.post/3mg3mty7kq224,bafyreifhm7ippcitrbevy3cdv2w7iz7mbzcjifjv3ojikvadj6yh7g36se,did:plc:ar7c4by46qjdydhdevvrndac,sexual,,at://did:plc:wgf2omogiwfvdei7bchh5s7r/app.bsky.feed.post/3mg3mty7kq224,2026-03-02T16:01:43.316Z
d4a0d7e9667345c196e96c0112f21965,2026-03-02T18:00:00Z,2026-03-02T18:22:22Z,auth,auth_enUS_labelerexp,at://did:plc:yxxh7hwp7owwsxs7r6hy63kb/app.bsky.feed.post/3mg3hzjkxz22i,bafyreihmq4sbybweu3ibdcyyleybcy7gximdx34h7vdsit56kdarl57f54,did:plc:yxxh7hwp7owwsxs7r6hy63kb,!no-unauthenticated,,at://did:plc:yxxh7hwp7owwsxs7r6hy63kb/app.bsky.actor.profile/self,1970-01-01T00:00:00.000Z
d4a0d7e9667345c196e96c0112f21965,2026-03-02T18:00:00Z,2026-03-02T18:22:22Z,auth,auth_enUS_labelerexp,at://did:plc:dd7nzyqh4i6pek4cfrcvjulq/app.bsky.feed.post/3mg3fk46p2k2q,bafyreickhq35mwm4zbbiktsqkvh3nzlrbbjyzxuzrbqj3vhtawkb65ryuq,did:plc:dd7nzyqh4i6pek4cfrcvjulq,!no-unauthenticated,,at://did:plc:dd7nzyqh4i6pek4cfrcvjulq/app.bsky.actor.profile/self,1970-01-01T00:00:00.000Z
d4a0d7e9667345c196e96c0112f21965,2026-03-02T18:00:00Z,2026-03-02T18:22:22Z,auth,auth_enUS_labelerexp,at://did:plc:dd7nzyqh4i6pek4cfrcvjulq/app.bsky.feed.post/3mg3fdmffpk2q,bafyreid5uvvqi5wyqrftw7ltkda5mtnmosusj2nkiqvx3gzzudv6px3wki,did:plc:dd7nzyqh4i6pek4cfrcvjulq,!no-unauthenticated,,at://did:plc:dd7nzyqh4i6pek4cfrcvjulq/app.bsky.actor.profile/self,1970-01-01T00:00:00.000Z
d4a0d7e9667345c196e96c0112f21965,2026-03-02T18:00:00Z,2026-03-02T18:22:22Z,auth,auth_enUS_labelerexp,at://did:plc:ntvssuzetdgrkd7jmw34xngx/app.bsky.feed.post/3mg3f76yukk2j,bafyreifq7jl4nhpkegn5xh56otbgdnftdjzbi5s3zc3b3243tbxkbdvdka,did:plc:ntvssuzetdgrkd7jmw34xngx,!no-unauthenticated,,at://did:plc:ntvssuzetdgrkd7jmw34xngx/app.bsky.actor.profile/self,1970-01-01T00:00:00.000Z
d4a0d7e9667345c196e96c0112f21965,2026-03-02T18:00:00Z,2026-03-02T18:22:22Z,auth,auth_enUS_labelerexp,at://did:plc:dd7nzyqh4i6pek4cfrcvjulq/app.bsky.feed.post/3mg36i7y4gs2k,bafyreihvjklbccgflxngkrp4jo3k4h5pyvfskjt27svpeyw3x4c53z5ytm,did:plc:dd7nzyqh4i6pek4cfrcvjulq,!no-unauthenticated,,at://did:plc:dd7nzyqh4i6pek4cfrcvjulq/app.bsky.actor.profile/self,1970-01-01T00:00:00.000Z
d4a0d7e9667345c196e96c0112f21965,2026-03-02T18:00:00Z,2026-03-02T18:22:23Z,auth,auth_enUS_labelerexp,at://did:plc:vjyot2w7zeomrslomwpfxirl/app.bsky.feed.post/3ldi2d22kts2i,bafyreiaz2uxxabexs7rmof7gjxe3okeuvao2oqe22drepbwbhywpon4am4,did:plc:vjyot2w7zeomrslomwpfxirl,!no-unauthenticated,,at://did:plc:vjyot2w7zeomrslomwpfxirl/app.bsky.actor.profile/self,1970-01-01T00:00:00.000Z
d4a0d7e9667345c196e96c0112f21965,2026-03-02T18:00:00Z,2026-03-02T18:22:23Z,auth,auth_enUS_labelerexp,at://did:plc:y6t6nuwzxttzdfv5pabybs5v/app.bsky.feed.post/3mg3m3xyr722i,bafyreiaqlrpe2n3ce7zh4tf7ydns22ibfan4jozayb3ahc2zcl6invz42y,did:plc:y6t6nuwzxttzdfv5pabybs5v,!no-unauthenticated,,at://did:plc:y6t6nuwzxttzdfv5pabybs5v/app.bsky.actor.profile/self,2024-11-08T20:22:02.215Z
d4a0d7e9667345c196e96c0112f21965,2026-03-02T18:00:00Z,2026-03-02T18:22:23Z,auth,auth_enUS_labelerexp,at://did:plc:y6t6nuwzxttzdfv5pabybs5v/app.bsky.feed.post/3mg2hgr5mak2j,bafyreih3fusz7svlix6p7vptbptuja4lqueo72544fonzxr5kcglxccxju,did:plc:y6t6nuwzxttzdfv5pabybs5v,!no-unauthenticated,,at://did:plc:y6t6nuwzxttzdfv5pabybs5v/app.bsky.actor.profile/self,2024-11-08T20:22:02.215Z
d4a0d7e9667345c196e96c0112f21965,2026-03-02T18:00:00Z,2026-03-02T18:22:23Z,auth,auth_enUS_labelerexp,at://did:plc:mjls5rzd5yotkqoekwvp5uzc/app.bsky.feed.post/3mfzem6x3uc2l,bafyreihc5dl43n3vv7qlys4wzhrj2pln47nqlztebx74p37yvp262tmtla,did:plc:mjls5rzd5yotkqoekwvp5uzc,!no-unauthenticated,,at://did:plc:mjls5rzd5yotkqoekwvp5uzc/app.bsky.actor.profile/self,1970-01-01T00:00:00.000Z
d4a0d7e9667345c196e96c0112f21965,2026-03-02T18:00:00Z,2026-03-02T18:22:23Z,auth,auth_enUS_labelerexp,at://did:plc:nzfncwzqbgea5wyttpuenbzx/app.bsky.feed.post/3mfz6grihos2w,bafyreif7myhy4v5qsihnfq55aci4t4voh74xqt6cippgdsjs5yw7rs6vke,did:plc:nzfncwzqbgea5wyttpuenbzx,!no-unauthenticated,,at://did:plc:nzfncwzqbgea5wyttpuenbzx/app.bsky.actor.profile/self,2024-10-18T18:17:33.441Z
d4a0d7e9667345c196e96c0112f21965,2026-03-02T18:00:00Z,2026-03-02T18:22:23Z,auth,auth_enUS_labelerexp,at://did:plc:2atu6ny6zrmpbgxa2sg27aoq/app.bsky.feed.post/3mfwyyetdq225,bafyreibwgk3ldgyptpt6q7kbjcknxrgvdbql6t7qyrj3be5mdz3ke6qcya,did:plc:2atu6ny6zrmpbgxa2sg27aoq,!no-unauthenticated,,at://did:plc:2atu6ny6zrmpbgxa2sg27aoq/app.bsky.actor.profile/self,1970-01-01T00:00:00.000Z
d4a0d7e9667345c196e96c0112f21965,2026-03-02T18:00:00Z,2026-03-02T18:22:23Z,auth,auth_enUS_labelerexp,at://did:plc:uekx5citeghy3n4llwf5nffg/app.bsky.feed.post/3mfwy2rjdus2g,bafyreigjfc62whfyie3me5jr3skjw32f5rasz6az4qe4hecwsxv4irjox4,did:plc:uekx5citeghy3n4llwf5nffg,!no-unauthenticated,,at://did:plc:uekx5citeghy3n4llwf5nffg/app.bsky.actor.profile/self,2025-01-19T16:31:56.953Z
d4a0d7e9667345c196e96c0112f21965,2026-03-02T18:00:00Z,2026-03-02T18:22:23Z,auth,auth_enUS_labelerexp,at://did:plc:mjls5rzd5yotkqoekwvp5uzc/app.bsky.feed.post/3mfww4zz2y22j,bafyreifey6q6jdgcvbesqclbgkm4dhpwlqjcpoutocrwz7jak7aki5nwy4,did:plc:mjls5rzd5yotkqoekwvp5uzc,!no-unauthenticated,,at://did:plc:mjls5rzd5yotkqoekwvp5uzc/app.bsky.actor.profile/self,1970-01-01T00:00:00.000Z
d4a0d7e9667345c196e96c0112f21965,2026-03-02T18:00:00Z,2026-03-02T18:22:29Z,auth,auth_enUS_labelerexp,at://did:plc:x7rp257pdxmhljcsztertz5o/app.bsky.feed.post/3mg2zysbdbm2f,bafyreie2q5ewrutk2ycto4utjgivsjqnahnyt6hfdyfrqlepg7pt4rxceu,did:plc:l624mewisyr6hymexmrjkprc,artistdesigner,,did:plc:x7rp257pdxmhljcsztertz5o,2024-10-22T04:08:36.182Z
d4a0d7e9667345c196e96c0112f21965,2026-03-02T18:00:00Z,2026-03-02T18:22:29Z,auth,auth_enUS_labelerexp,at://did:plc:x7rp257pdxmhljcsztertz5o/app.bsky.feed.post/3mg2zysbdbm2f,bafyreie2q5ewrutk2ycto4utjgivsjqnahnyt6hfdyfrqlepg7pt4rxceu,did:plc:x7rp257pdxmhljcsztertz5o,!no-unauthenticated,,at://did:plc:x7rp257pdxmhljcsztertz5o/app.bsky.actor.profile/self,1970-01-01T00:00:00.000Z
d4a0d7e9667345c196e96c0112f21965,2026-03-02T18:00:00Z,2026-03-02T18:22:29Z,auth,auth_enUS_labelerexp,at://did:plc:2fwshkvnk6lfn7r4zlewwian/app.bsky.feed.post/3mg37layt722g,bafyreicgomdnykpz7fbaxmmpbaouiwa57uznx6vrv4ndgkm6n6mivyjiq4,did:plc:2fwshkvnk6lfn7r4zlewwian,!no-unauthenticated,,at://did:plc:2fwshkvnk6lfn7r4zlewwian/app.bsky.actor.profile/self,2024-08-07T11:51:33.068Z
d4a0d7e9667345c196e96c0112f21965,2026-03-02T18:00:00Z,2026-03-02T18:22:29Z,auth,auth_enUS_labelerexp,at://did:plc:g22wrkiovld7mymdemad34t3/app.bsky.feed.post/3mg3a7ymeck2v,bafyreih2bfqatwye7nshxog3qo6ugsprn552ycp25qayuwhhpvy4r3chby,did:plc:uac6er53o2pvr5y2qmvaf7hw,meta-link,,at://did:plc:g22wrkiovld7mymdemad34t3/app.bsky.actor.profile/self,2025-10-08T00:03:07.928Z
d4a0d7e9667345c196e96c0112f21965,2026-03-02T18:00:00Z,2026-03-02T18:22:29Z,auth,auth_enUS_labelerexp,at://did:plc:g22wrkiovld7mymdemad34t3/app.bsky.feed.post/3mg3a7ymeck2v,bafyreih2bfqatwye7nshxog3qo6ugsprn552ycp25qayuwhhpvy4r3chby,did:plc:g22wrkiovld7mymdemad34t3,!no-unauthenticated,,at://did:plc:g22wrkiovld7mymdemad34t3/app.bsky.actor.profile/self,1970-01-01T00:00:00.000Z
d4a0d7e9667345c196e96c0112f21965,2026-03-02T18:00:00Z,2026-03-02T18:22:29Z,auth,auth_enUS_labelerexp,at://did:plc:2pt33h5dlbqf7sxewaprzhwk/app.bsky.feed.post/3mg3d4wo5vk2c,bafyreicjj2for7pfltt5uto4najyo5qljfz2nxxp23tm6sury3srhoaniu,did:plc:uac6er53o2pvr5y2qmvaf7hw,meta-link,,at://did:plc:2pt33h5dlbqf7sxewaprzhwk/app.bsky.actor.profile/self,2025-10-15T21:25:40.756Z
d4a0d7e9667345c196e96c0112f21965,2026-03-02T18:00:00Z,2026-03-02T18:22:29Z,auth,auth_enUS_labelerexp,at://did:plc:3djij3owa4vo72o5iob3pjjr/app.bsky.feed.post/3mg37e2jjgk2n,bafyreihk4lomlyqyxag2ei5p4uuihrrv2326ykkzh5an5qdqaybdnd6nx4,did:plc:uac6er53o2pvr5y2qmvaf7hw,meta-link,,at://did:plc:3djij3owa4vo72o5iob3pjjr/app.bsky.actor.profile/self,2025-08-22T04:33:42.716Z
d4a0d7e9667345c196e96c0112f21965,2026-03-02T18:00:00Z,2026-03-02T18:22:29Z,auth,auth_enUS_labelerexp,at://did:plc:7ivd5mznyw36ud7qz7ijfhjh/app.bsky.feed.post/3mg3gqvvnmc2y,bafyreiebnclmxp2ihjnosyvl4zuasfb4h5ep5hguvy6x24oorszc5on6ze,did:plc:uac6er53o2pvr5y2qmvaf7hw,meta-link,,at://did:plc:7ivd5mznyw36ud7qz7ijfhjh/app.bsky.actor.profile/self,2025-06-07T22:18:22.229Z
d4a0d7e9667345c196e96c0112f21965,2026-03-02T18:00:00Z,2026-03-02T18:22:29Z,auth,auth_enUS_labelerexp,at://did:plc:j6rwu5znyjy4mf3hgyv6n7dq/app.bsky.feed.post/3mg3q5a3fnm2w,bafyreiav636ooaarn3m36ylagciibwexkuzkugt6sh6fem2dpc26bw3gsi,did:plc:j6rwu5znyjy4mf3hgyv6n7dq,!no-unauthenticated,,at://did:plc:j6rwu5znyjy4mf3hgyv6n7dq/app.bsky.actor.profile/self,1970-01-01T00:00:00.000Z
d4a0d7e9667345c196e96c0112f21965,2026-03-02T18:00:00Z,2026-03-02T18:22:29Z,auth,auth_enUS_labelerexp,at://did:plc:msgsmhaxqu7ny3gm4lwcyvnm/app.bsky.feed.post/3mg3b3esqt22k,bafyreicd26exnv3wtzch2r7tvqw27njqcnazrwymvoeewbgva5lvzhymmy,did:plc:ar7c4by46qjdydhdevvrndac,needs-review,,did:plc:msgsmhaxqu7ny3gm4lwcyvnm,2026-02-26T08:53:21.954Z
d4a0d7e9667345c196e96c0112f21965,2026-03-02T18:00:00Z,2026-03-02T18:22:29Z,auth,auth_enUS_labelerexp,at://did:plc:fwoffjuepg4qto3y3x4ghr5w/app.bsky.feed.post/3mg3caf3qwc22,bafyreicyp2hlsbkhbgnp47u6at6ihav4elmbdr27v3nrrdqbk5bbr2nq2i,did:plc:fwoffjuepg4qto3y3x4ghr5w,!no-unauthenticated,,at://did:plc:fwoffjuepg4qto3y3x4ghr5w/app.bsky.actor.profile/self,2024-10-19T00:52:35.855Z
d4a0d7e9667345c196e96c0112f21965,2026-03-02T18:00:00Z,2026-03-02T18:22:29Z,auth,auth_enUS_labelerexp,at://did:plc:gqe4ewepst5btmq6ex2xgohj/app.bsky.feed.post/3mg3m457zqc2c,bafyreickd7lvfstx4ucxniriczdfzzpux66mpzupffjuky22xhx4oheypi,did:plc:gqe4ewepst5btmq6ex2xgohj,!no-unauthenticated,,at://did:plc:gqe4ewepst5btmq6ex2xgohj/app.bsky.actor.profile/self,2024-04-01T05:37:59.986Z
d4a0d7e9667345c196e96c0112f21965,2026-03-02T18:00:00Z,2026-03-02T18:22:29Z,auth,auth_enUS_labelerexp,at://did:plc:sdnly3suhwec4pqy74sw2v7u/app.bsky.feed.post/3mg3njjilsk2s,bafyreifvjisve5v73te33hrnswgx2pkvs6j2nalvoz7gol5e3zot6aox6m,did:plc:sdnly3suhwec4pqy74sw2v7u,porn,,at://did:plc:sdnly3suhwec4pqy74sw2v7u/app.bsky.feed.post/3mg3njjilsk2s,2026-03-02T16:13:44.172Z
d4a0d7e9667345c196e96c0112f21965,2026-03-02T18:00:00Z,2026-03-02T18:22:29Z,auth,auth_enUS_labelerexp,at://did:plc:xsrstlsc6xreenbohgxgnuhu/app.bsky.feed.post/3mg35ucouhc2g,bafyreigsneoqcj4l6j6nyou4m6rycq5oawrzcoq5i46ng3ondxusipv5ru,did:plc:xsrstlsc6xreenbohgxgnuhu,!no-unauthenticated,,at://did:plc:xsrstlsc6xreenbohgxgnuhu/app.bsky.actor.profile/self,1970-01-01T00:00:00.000Z
d4a0d7e9667345c196e96c0112f21965,2026-03-02T18:00:00Z,2026-03-02T18:22:29Z,auth,auth_enUS_labelerexp,at://did:plc:qyydqxnt6iwxjgzzejky4get/app.bsky.feed.post/3mg3elszn3k2o,bafyreibdilohzhtcclo327hkjkwfytv4aouvuf4nwa3wsrurv3rlx66fje,did:plc:l624mewisyr6hymexmrjkprc,artistdesigner,,did:plc:qyydqxnt6iwxjgzzejky4get,2025-04-14T07:13:32.723Z
d4a0d7e9667345c196e96c0112f21965,2026-03-02T18:00:00Z,2026-03-02T18:22:29Z,auth,auth_enUS_labelerexp,at://did:plc:gkdzhhasll5lweby2pnakh3c/app.bsky.feed.post/3mg3dhkabps23,bafyreibobew4z4pdqj3kc4nd2cwtvawrpgqrqwrp53f5spcst4ukzurmn4,did:plc:uac6er53o2pvr5y2qmvaf7hw,blocks,,did:plc:gkdzhhasll5lweby2pnakh3c,2025-04-24T03:37:24.315Z
d4a0d7e9667345c196e96c0112f21965,2026-03-02T18:00:00Z,2026-03-02T18:22:29Z,auth,auth_enUS_labelerexp,at://did:plc:gkdzhhasll5lweby2pnakh3c/app.bsky.feed.post/3mg3dhkabps23,bafyreibobew4z4pdqj3kc4nd2cwtvawrpgqrqwrp53f5spcst4ukzurmn4,did:plc:uac6er53o2pvr5y2qmvaf7hw,meta-link,,at://did:plc:gkdzhhasll5lweby2pnakh3c/app.bsky.actor.profile/self,2026-02-26T07:56:16.480Z
d4a0d7e9667345c196e96c0112f21965,2026-03-02T18:00:00Z,2026-03-02T18:22:29Z,auth,auth_enUS_labelerexp,at://did:plc:gkdzhhasll5lweby2pnakh3c/app.bsky.feed.post/3mg3dhkabps23,bafyreibobew4z4pdqj3kc4nd2cwtvawrpgqrqwrp53f5spcst4ukzurmn4,did:plc:uac6er53o2pvr5y2qmvaf7hw,altrightlink,,at://did:plc:gkdzhhasll5lweby2pnakh3c/app.bsky.actor.profile/self,2025-04-02T14:56:23.378Z
d4a0d7e9667345c196e96c0112f21965,2026-03-02T18:00:00Z,2026-03-02T18:22:29Z,auth,auth_enUS_labelerexp,at://did:plc:35dwunbrbr3ijibuw6dr2vdo/app.bsky.feed.post/3mg37lommj225,bafyreieovnhfql3ng3xn4c2ye4kn2ht73snqm7m3yiar55ucedt3jcqoje,did:plc:uac6er53o2pvr5y2qmvaf7hw,meta-link,,at://did:plc:35dwunbrbr3ijibuw6dr2vdo/app.bsky.actor.profile/self,2025-12-10T12:13:49.747Z
d4a0d7e9667345c196e96c0112f21965,2026-03-02T18:00:00Z,2026-03-02T18:22:29Z,auth,auth_enUS_labelerexp,at://did:plc:22zzzyts3xljodvol5rgvkgq/app.bsky.feed.post/3mg36uo5xp22t,bafyreienbo6tewmklc5etpvldmpw4be72aztzynan2o5gn2erkfi62ture,did:plc:22zzzyts3xljodvol5rgvkgq,!no-unauthenticated,,at://did:plc:22zzzyts3xljodvol5rgvkgq/app.bsky.actor.profile/self,1970-01-01T00:00:00.000Z
