run_id,snapshot_hour_utc,captured_at_utc,viewer_mode,vantage_id,post_uri,like_count,repost_count,reply_count,quote_count
28b4975a4b464c5ebc4384b8a119acf6,2026-02-26T12:00:00Z,2026-02-26T12:15:23Z,auth,auth_enUS_labelerexp,at://did:plc:2gx2noukxzwmj6dkxbmh3qt5/app.bsky.feed.post/3k6y544xn6w2f,1750,209,35,20
28b4975a4b464c5ebc4384b8a119acf6,2026-02-26T12:00:00Z,2026-02-26T12:15:23Z,auth,auth_enUS_labelerexp,at://did:plc:2gx2noukxzwmj6dkxbmh3qt5/app.bsky.feed.post/3k6y5543bah2i,500,39,9,3
28b4975a4b464c5ebc4384b8a119acf6,2026-02-26T12:00:00Z,2026-02-26T12:15:23Z,auth,auth_enUS_labelerexp,at://did:plc:2abyghmm7jert4ro7rrpwff4/app.bsky.feed.post/3mfkjcoemkk26,2,0,0,0
28b4975a4b464c5ebc4384b8a119acf6,2026-02-26T12:00:00Z,2026-02-26T12:15:23Z,auth,auth_enUS_labelerexp,at://did:plc:z2hltcxhrpiusgbeo2x3os23/app.bsky.feed.post/3mfjnr52thc2b,16,2,1,0
28b4975a4b464c5ebc4384b8a119acf6,2026-02-26T12:00:00Z,2026-02-26T12:15:23Z,auth,auth_enUS_labelerexp,at://did:plc:mgd3s2by7n3wcy2uxq4jbqqn/app.bsky.feed.post/3mfkozyxux22z,3,1,0,0
28b4975a4b464c5ebc4384b8a119acf6,2026-02-26T12:00:00Z,2026-02-26T12:15:23Z,auth,auth_enUS_labelerexp,at://did:plc:ftqv5o3h6jkrhu6xu74tswrs/app.bsky.feed.post/3mfmmrxwb5226,2,0,0,0
28b4975a4b464c5ebc4384b8a119acf6,2026-02-26T12:00:00Z,2026-02-26T12:15:23Z,auth,auth_enUS_labelerexp,at://did:plc:mrd36pa5lzgq7bp3vsee25o5/app.bsky.feed.post/3mfjrpzobx22v,0,0,0,0
28b4975a4b464c5ebc4384b8a119acf6,2026-02-26T12:00:00Z,2026-02-26T12:15:23Z,auth,auth_enUS_labelerexp,at://did:plc:ezcx45l7dxmrdle7tuedlbr7/app.bsky.feed.post/3mfjpb6dx5c2c,1,0,0,0
28b4975a4b464c5ebc4384b8a119acf6,2026-02-26T12:00:00Z,2026-02-26T12:15:23Z,auth,auth_enUS_labelerexp,at://did:plc:5rwt2bmmoi6vivga5yowx7jc/app.bsky.feed.post/3mfp2w4mkpc2o,1,0,0,0
28b4975a4b464c5ebc4384b8a119acf6,2026-02-26T12:00:00Z,2026-02-26T12:15:23Z,auth,auth_enUS_labelerexp,at://did:plc:hc7tndm7gduompba65aps75k/app.bsky.feed.post/3mfmxptyof22j,2,0,0,0
28b4975a4b464c5ebc4384b8a119acf6,2026-02-26T12:00:00Z,2026-02-26T12:15:23Z,auth,auth_enUS_labelerexp,at://did:plc:usmvtfnpw56kavlu3nucfp6s/app.bsky.feed.post/3mfmtgksoec2b,7,0,0,0
28b4975a4b464c5ebc4384b8a119acf6,2026-02-26T12:00:00Z,2026-02-26T12:15:23Z,auth,auth_enUS_labelerexp,at://did:plc:2oe4i2e35scp6uivfbuhx37x/app.bsky.feed.post/3mfkh5mjoms2b,15,1,1,0
28b4975a4b464c5ebc4384b8a119acf6,2026-02-26T12:00:00Z,2026-02-26T12:15:23Z,auth,auth_enUS_labelerexp,at://did:plc:k43etbxkmkwszzbtjwhbycq4/app.bsky.feed.post/3mfnwk6g5dc2f,3,0,0,0
28b4975a4b464c5ebc4384b8a119acf6,2026-02-26T12:00:00Z,2026-02-26T12:15:23Z,auth,auth_enUS_labelerexp,at://did:plc:puvzw4vulg2gkykrh2jhdczb/app.bsky.feed.post/3mfq2gevqlk2i,6,0,0,0
28b4975a4b464c5ebc4384b8a119acf6,2026-02-26T12:00:00Z,2026-02-26T12:15:23Z,auth,auth_enUS_labelerexp,at://did:plc:7javqh7o4m6qc6hacim3gang/app.bsky.feed.post/3mfpz3zg24s2t,9,1,0,0
28b4975a4b464c5ebc4384b8a119acf6,2026-02-26T12:00:00Z,2026-02-26T12:15:23Z,auth,auth_enUS_labelerexp,at://did:plc:grug4nyesrsx6sw5rmc5b23u/app.bsky.feed.post/3mflreinies2h,2,0,0,0
28b4975a4b464c5ebc4384b8a119acf6,2026-02-26T12:00:00Z,2026-02-26T12:15:23Z,auth,auth_enUS_labelerexp,at://did:plc:63bgg233p2r2eawq26eagk24/app.bsky.feed.post/3mfqe3q2nyc2d,13,2,0,0
28b4975a4b464c5ebc4384b8a119acf6,2026-02-26T12:00:00Z,2026-02-26T12:15:23Z,auth,auth_enUS_labelerexp,at://did:plc:x3n43hdsibfijsn6eifhywhx/app.bsky.feed.post/3mfp7zrp3b226,6,1,0,0
28b4975a4b464c5ebc4384b8a119acf6,2026-02-26T12:00:00Z,2026-02-26T12:15:23Z,auth,auth_enUS_labelerexp,at://did:plc:ur2bmghkabpj6smidweo4ncv/app.bsky.feed.post/3mfmgwwvzoc2a,7,0,0,0
28b4975a4b464c5ebc4384b8a119acf6,2026-02-26T12:00:00Z,2026-02-26T12:15:23Z,auth,auth_enUS_labelerexp,at://did:plc:lslkxtnglnjlkuepz6ehpv5j/app.bsky.feed.post/3mfokihcmak25,5,0,0,0
28b4975a4b464c5ebc4384b8a119acf6,2026-02-26T12:00:00Z,2026-02-26T12:15:23Z,auth,auth_enUS_labelerexp,at://did:plc:hnesclkybua2xwypvpdnexre/app.bsky.feed.post/3mfnpyojm6c22,7,1,0,0
28b4975a4b464c5ebc4384b8a119acf6,2026-02-26T12:00:00Z,2026-02-26T12:15:23Z,auth,auth_enUS_labelerexp,at://did:plc:hfjmdma454nn6okb3zg3gndl/app.bsky.feed.post/3mflqyj2rec26,12,0,0,0
28b4975a4b464c5ebc4384b8a119acf6,2026-02-26T12:00:00Z,2026-02-26T12:15:23Z,auth,auth_enUS_labelerexp,at://did:plc:t7gc7wknoou4ktbydet3w6hl/app.bsky.feed.post/3mfopihvoig2q,5,0,0,0
28b4975a4b464c5ebc4384b8a119acf6,2026-02-26T12:00:00Z,2026-02-26T12:15:23Z,auth,auth_enUS_labelerexp,at://did:plc:4goaqkecqlespbgpkdklxhbm/app.bsky.feed.post/3mfpwzxo54t2h,4,1,0,0
28b4975a4b464c5ebc4384b8a119acf6,2026-02-26T12:00:00Z,2026-02-26T12:15:23Z,auth,auth_enUS_labelerexp,at://did:plc:hkznxc6ovedfa7v665eidk3w/app.bsky.feed.post/3mfmi5pity22t,10,0,0,0
28b4975a4b464c5ebc4384b8a119acf6,2026-02-26T12:00:00Z,2026-02-26T12:15:23Z,auth,auth_enUS_labelerexp,at://did:plc:y5sedv7e3s3d4l5j3d6ipxxr/app.bsky.feed.post/3mfos4tcxnk2k,7,0,0,0
28b4975a4b464c5ebc4384b8a119acf6,2026-02-26T12:00:00Z,2026-02-26T12:15:23Z,auth,auth_enUS_labelerexp,at://did:plc:5yg5weumh6kscyxuf5t4jiij/app.bsky.feed.post/3mfqodtllks2d,7,0,0,0
28b4975a4b464c5ebc4384b8a119acf6,2026-02-26T12:00:00Z,2026-02-26T12:15:23Z,auth,auth_enUS_labelerexp,at://did:plc:wjae2c777sorhfvupqfekg4f/app.bsky.feed.post/3mfpckfalcs2c,17,7,0,0
28b4975a4b464c5ebc4384b8a119acf6,2026-02-26T12:00:00Z,2026-02-26T12:15:23Z,auth,auth_enUS_labelerexp,at://did:plc:xelgtfrrrahpp5jflugpyew4/app.bsky.feed.post/3mfoe3ntfhc2s,5,2,0,0
28b4975a4b464c5ebc4384b8a119acf6,2026-02-26T12:00:00Z,2026-02-26T12:15:23Z,auth,auth_enUS_labelerexp,at://did:plc:wc7oif2rj622n75ndozceccp/app.bsky.feed.post/3mfkai4mzcc2x,5,0,0,0
28b4975a4b464c5ebc4384b8a119acf6,2026-02-26T12:00:00Z,2026-02-26T12:15:23Z,auth,auth_enUS_labelerexp,at://did:plc:6krr7aakggijg5plttdila6w/app.bsky.feed.post/3mflhjkgjnk2e,8,0,1,0
28b4975a4b464c5ebc4384b8a119acf6,2026-02-26T12:00:00Z,2026-02-26T12:15:23Z,auth,auth_enUS_labelerexp,at://did:plc:nxvmmqajjvmhuiq6kzepwhlr/app.bsky.feed.post/3mfl4lqk5mc2t,5,2,0,0
28b4975a4b464c5ebc4384b8a119acf6,2026-02-26T12:00:00Z,2026-02-26T12:15:23Z,auth,auth_enUS_labelerexp,at://did:plc:nu2nmn4j4tsnrupjjdfva3yp/app.bsky.feed.post/3mfog56qhtc2p,1,0,0,0
28b4975a4b464c5ebc4384b8a119acf6,2026-02-26T12:00:00Z,2026-02-26T12:15:23Z,auth,auth_enUS_labelerexp,at://did:plc:av7rkya4wf3k4ls7qh67wbcf/app.bsky.feed.post/3mfnxzxedys2g,10,3,1,0
28b4975a4b464c5ebc4384b8a119acf6,2026-02-26T12:00:00Z,2026-02-26T12:15:23Z,auth,auth_enUS_labelerexp,at://did:plc:iqfm2sqipvwduxduoikz76gg/app.bsky.feed.post/3mfoewssbrc2y,2,0,0,0
28b4975a4b464c5ebc4384b8a119acf6,2026-02-26T12:00:00Z,2026-02-26T12:15:23Z,auth,auth_enUS_labelerexp,at://did:plc:qvgwucwty2bkg7p4g7etkmgk/app.bsky.feed.post/3mfmptgeagk2d,9,1,3,0
28b4975a4b464c5ebc4384b8a119acf6,2026-02-26T12:00:00Z,2026-02-26T12:15:23Z,auth,auth_enUS_labelerexp,at://did:plc:r3s2s5zrt6wokypnevpjn2xl/app.bsky.feed.post/3mfobi5a2f22x,1,0,0,0
28b4975a4b464c5ebc4384b8a119acf6,2026-02-26T12:00:00Z,2026-02-26T12:15:23Z,auth,auth_enUS_labelerexp,at://did:plc:x3wabwshtismxajhax5mvem3/app.bsky.feed.post/3mfmpqhxmbk2y,7,0,0,0
28b4975a4b464c5ebc4384b8a119acf6,2026-02-26T12:00:00Z,2026-02-26T12:15:23Z,auth,auth_enUS_labelerexp,at://did:plc:5kvfm7ixjwek4ptwwok6hxvl/app.bsky.feed.post/3mfnlks63322s,4,0,0,0
28b4975a4b464c5ebc4384b8a119acf6,2026-02-26T12:00:00Z,2026-02-26T12:15:23Z,auth,auth_enUS_labelerexp,at://did:plc:b2tgrr2ceylgffceb4nctffe/app.bsky.feed.post/3mfpt6nmuh22n,2,0,0,0
28b4975a4b464c5ebc4384b8a119acf6,2026-02-26T12:00:00Z,2026-02-26T12:15:23Z,auth,auth_enUS_labelerexp,at://did:plc:d4hagxnctc7ev77244anuzwn/app.bsky.feed.post/3mfpbhvm2vs2v,18,2,0,0
28b4975a4b464c5ebc4384b8a119acf6,2026-02-26T12:00:00Z,2026-02-26T12:15:23Z,auth,auth_enUS_labelerexp,at://did:plc:snqv4nd5mnwyqjokjmapnyay/app.bsky.feed.post/3mfnf2jbmfc2c,2,1,1,0
28b4975a4b464c5ebc4384b8a119acf6,2026-02-26T12:00:00Z,2026-02-26T12:15:23Z,auth,auth_enUS_labelerexp,at://did:plc:nec3ftjdsfmnz4fixjnehj4t/app.bsky.feed.post/3mfljnsvm3k23,3,0,0,0
28b4975a4b464c5ebc4384b8a119acf6,2026-02-26T12:00:00Z,2026-02-26T12:15:23Z,auth,auth_enUS_labelerexp,at://did:plc:rndxxqqd2mvpzhldgwtlkxa7/app.bsky.feed.post/3mfjzbxlpk22a,2,0,0,0
28b4975a4b464c5ebc4384b8a119acf6,2026-02-26T12:00:00Z,2026-02-26T12:15:23Z,auth,auth_enUS_labelerexp,at://did:plc:7ykvvbatcvjykphyorzpfwvy/app.bsky.feed.post/3mfqrzlzmgc2j,11,3,0,0
28b4975a4b464c5ebc4384b8a119acf6,2026-02-26T12:00:00Z,2026-02-26T12:15:23Z,auth,auth_enUS_labelerexp,at://did:plc:wpzafi5khoyznkly5tv4gz7i/app.bsky.feed.post/3mfopiqhl4s2k,3,1,0,0
28b4975a4b464c5ebc4384b8a119acf6,2026-02-26T12:00:00Z,2026-02-26T12:15:23Z,auth,auth_enUS_labelerexp,at://did:plc:2ao34vz33cquabmhevrc2jub/app.bsky.feed.post/3mfpb3n63w227,4,0,1,0
28b4975a4b464c5ebc4384b8a119acf6,2026-02-26T12:00:00Z,2026-02-26T12:15:23Z,auth,auth_enUS_labelerexp,at://did:plc:k3w45kg4r6jc6awbakeymffc/app.bsky.feed.post/3mfpnayf36c2i,14,6,0,0
28b4975a4b464c5ebc4384b8a119acf6,2026-02-26T12:00:00Z,2026-02-26T12:15:23Z,auth,auth_enUS_labelerexp,at://did:plc:2ykt22pwneuzev2ewqipum5l/app.bsky.feed.post/3mfo6zdfiuk2h,5,0,0,0
28b4975a4b464c5ebc4384b8a119acf6,2026-02-26T12:00:00Z,2026-02-26T12:15:23Z,auth,auth_enUS_labelerexp,at://did:plc:mrd36pa5lzgq7bp3vsee25o5/app.bsky.feed.post/3mfliogxyyn2l,0,0,0,0
28b4975a4b464c5ebc4384b8a119acf6,2026-02-26T12:00:00Z,2026-02-26T12:15:24Z,auth,auth_enUS_labelerexp,at://did:plc:4vjdrhro4bxoawbyjgixesij/app.bsky.feed.post/3mf44m475o22v,126,42,8,1
28b4975a4b464c5ebc4384b8a119acf6,2026-02-26T12:00:00Z,2026-02-26T12:15:24Z,auth,auth_enUS_labelerexp,at://did:plc:4vjdrhro4bxoawbyjgixesij/app.bsky.feed.post/3mfr5oznbp22i,1,0,1,0
28b4975a4b464c5ebc4384b8a119acf6,2026-02-26T12:00:00Z,2026-02-26T12:15:24Z,auth,auth_enUS_labelerexp,at://did:plc:epymot4eryrsjzd4az2ssqfm/app.bsky.feed.post/3mfr33o4hsc24,5,2,0,0
28b4975a4b464c5ebc4384b8a119acf6,2026-02-26T12:00:00Z,2026-02-26T12:15:24Z,auth,auth_enUS_labelerexp,at://did:plc:liav75vrvqs6dh3duexnpxqq/app.bsky.feed.post/3mfqvnmon622p,10,1,0,0
28b4975a4b464c5ebc4384b8a119acf6,2026-02-26T12:00:00Z,2026-02-26T12:15:24Z,auth,auth_enUS_labelerexp,at://did:plc:ishfoh6z4zr4kucikm2c5s7f/app.bsky.feed.post/3mfqpu4afga2s,0,0,0,0
28b4975a4b464c5ebc4384b8a119acf6,2026-02-26T12:00:00Z,2026-02-26T12:15:24Z,auth,auth_enUS_labelerexp,at://did:plc:6nmecn5cfht4l7tcpii6db7r/app.bsky.feed.post/3mfqo5nxv622g,17,3,0,0
28b4975a4b464c5ebc4384b8a119acf6,2026-02-26T12:00:00Z,2026-02-26T12:15:24Z,auth,auth_enUS_labelerexp,at://did:plc:zfmwe6b5z2nqkdtd7whj5mjp/app.bsky.feed.post/3mfqkrtjigc2e,48,10,2,0
28b4975a4b464c5ebc4384b8a119acf6,2026-02-26T12:00:00Z,2026-02-26T12:15:24Z,auth,auth_enUS_labelerexp,at://did:plc:ishfoh6z4zr4kucikm2c5s7f/app.bsky.feed.post/3mfqcokgr2n2i,2,0,0,0
28b4975a4b464c5ebc4384b8a119acf6,2026-02-26T12:00:00Z,2026-02-26T12:15:24Z,auth,auth_enUS_labelerexp,at://did:plc:nzmnuu7z3a3pod4lambkzj6y/app.bsky.feed.post/3mfq6fow3p22d,2,0,0,0
28b4975a4b464c5ebc4384b8a119acf6,2026-02-26T12:00:00Z,2026-02-26T12:15:24Z,auth,auth_enUS_labelerexp,at://did:plc:dvmqpaw6qrrtmdi3evyvzbuc/app.bsky.feed.post/3mfq3oh6dkk2f,117,11,2,1
28b4975a4b464c5ebc4384b8a119acf6,2026-02-26T12:00:00Z,2026-02-26T12:15:24Z,auth,auth_enUS_labelerexp,at://did:plc:gvjsrtmixwt5jnnwi65jfid4/app.bsky.feed.post/3mfpzrbihlk2o,9,0,0,0
28b4975a4b464c5ebc4384b8a119acf6,2026-02-26T12:00:00Z,2026-02-26T12:15:24Z,auth,auth_enUS_labelerexp,at://did:plc:ggr5ll6445qq4hefmg5ld25i/app.bsky.feed.post/3mfpzfdtl3k2y,33,2,0,0
28b4975a4b464c5ebc4384b8a119acf6,2026-02-26T12:00:00Z,2026-02-26T12:15:24Z,auth,auth_enUS_labelerexp,at://did:plc:lh6wg35zunwo72rhu2ga7gzd/app.bsky.feed.post/3mfpvvsnkhc2y,68,11,0,1
28b4975a4b464c5ebc4384b8a119acf6,2026-02-26T12:00:00Z,2026-02-26T12:15:24Z,auth,auth_enUS_labelerexp,at://did:plc:ishfoh6z4zr4kucikm2c5s7f/app.bsky.feed.post/3mfpvdj323f2v,1,0,0,0
28b4975a4b464c5ebc4384b8a119acf6,2026-02-26T12:00:00Z,2026-02-26T12:15:24Z,auth,auth_enUS_labelerexp,at://did:plc:dledlzflkuj24qbgcoeyjedr/app.bsky.feed.post/3mfpv5q6vac2j,30,6,2,0
28b4975a4b464c5ebc4384b8a119acf6,2026-02-26T12:00:00Z,2026-02-26T12:15:24Z,auth,auth_enUS_labelerexp,at://did:plc:4vjdrhro4bxoawbyjgixesij/app.bsky.feed.post/3mfpuk423nk2d,4,0,0,0
28b4975a4b464c5ebc4384b8a119acf6,2026-02-26T12:00:00Z,2026-02-26T12:15:24Z,auth,auth_enUS_labelerexp,at://did:plc:jjsqi43rx7ydwjli4xhfmosd/app.bsky.feed.post/3mfptfax4zk2s,9,1,1,0
28b4975a4b464c5ebc4384b8a119acf6,2026-02-26T12:00:00Z,2026-02-26T12:15:24Z,auth,auth_enUS_labelerexp,at://did:plc:rsteord3qtos4a2pcring2q3/app.bsky.feed.post/3mfpsmbicn22z,49,3,2,0
28b4975a4b464c5ebc4384b8a119acf6,2026-02-26T12:00:00Z,2026-02-26T12:15:24Z,auth,auth_enUS_labelerexp,at://did:plc:lzivn5qnzmbmnvv7fqrddoxv/app.bsky.feed.post/3mfps6frrkb2c,17,0,0,0
28b4975a4b464c5ebc4384b8a119acf6,2026-02-26T12:00:00Z,2026-02-26T12:15:24Z,auth,auth_enUS_labelerexp,at://did:plc:nzmnuu7z3a3pod4lambkzj6y/app.bsky.feed.post/3mfprvivfic2v,2,0,0,0
28b4975a4b464c5ebc4384b8a119acf6,2026-02-26T12:00:00Z,2026-02-26T12:15:24Z,auth,auth_enUS_labelerexp,at://did:plc:bcoldpkhecdg3lvy6gdxru2s/app.bsky.feed.post/3mfpruz42lk2v,15,7,0,0
28b4975a4b464c5ebc4384b8a119acf6,2026-02-26T12:00:00Z,2026-02-26T12:15:24Z,auth,auth_enUS_labelerexp,at://did:plc:nir4547i63s5plxcz43l3kx4/app.bsky.feed.post/3mfprsb6s6c2d,8,0,1,0
28b4975a4b464c5ebc4384b8a119acf6,2026-02-26T12:00:00Z,2026-02-26T12:15:24Z,auth,auth_enUS_labelerexp,at://did:plc:cxyht37izrmxpmr3r7semjc6/app.bsky.feed.post/3mfpnhdwtm22e,3,0,0,1
28b4975a4b464c5ebc4384b8a119acf6,2026-02-26T12:00:00Z,2026-02-26T12:15:24Z,auth,auth_enUS_labelerexp,at://did:plc:uq3244pq7pcdmxv3strm65ee/app.bsky.feed.post/3mfpllwoe3s2x,53,20,1,0
28b4975a4b464c5ebc4384b8a119acf6,2026-02-26T12:00:00Z,2026-02-26T12:15:24Z,auth,auth_enUS_labelerexp,at://did:plc:l6arnocvhn2zrll2gn6xlxn2/app.bsky.feed.post/3mfplew7va225,38,6,1,0
28b4975a4b464c5ebc4384b8a119acf6,2026-02-26T12:00:00Z,2026-02-26T12:15:24Z,auth,auth_enUS_labelerexp,at://did:plc:ishfoh6z4zr4kucikm2c5s7f/app.bsky.feed.post/3mfpl6juqpb2i,3,0,0,0
28b4975a4b464c5ebc4384b8a119acf6,2026-02-26T12:00:00Z,2026-02-26T12:15:24Z,auth,auth_enUS_labelerexp,at://did:plc:thxcdsu57lphw3bukjky55n3/app.bsky.feed.post/3mfpkzmcxf226,104,35,2,0
28b4975a4b464c5ebc4384b8a119acf6,2026-02-26T12:00:00Z,2026-02-26T12:15:24Z,auth,auth_enUS_labelerexp,at://did:plc:opkbp64hqatfn72btithn2p4/app.bsky.feed.post/3mfpkmnjpak27,17,4,1,0
28b4975a4b464c5ebc4384b8a119acf6,2026-02-26T12:00:00Z,2026-02-26T12:15:24Z,auth,auth_enUS_labelerexp,at://did:plc:7c226coqfg5enwvsronbnpaf/app.bsky.feed.post/3mfpkjsog222o,42,10,1,1
28b4975a4b464c5ebc4384b8a119acf6,2026-02-26T12:00:00Z,2026-02-26T12:15:24Z,auth,auth_enUS_labelerexp,at://did:plc:kgenikp2tlouvdik3dp3vq3o/app.bsky.feed.post/3mfpkfif2pk2u,30,4,0,0
28b4975a4b464c5ebc4384b8a119acf6,2026-02-26T12:00:00Z,2026-02-26T12:15:24Z,auth,auth_enUS_labelerexp,at://did:plc:vfih2bgdbq7beoodnlhg3oqa/app.bsky.feed.post/3mfpiieuy5c2o,247,38,3,0
28b4975a4b464c5ebc4384b8a119acf6,2026-02-26T12:00:00Z,2026-02-26T12:15:24Z,auth,auth_enUS_labelerexp,at://did:plc:yuwsxflii6nme3pk5g3pw6j5/app.bsky.feed.post/3mfphr42qtc2o,7,0,0,0
28b4975a4b464c5ebc4384b8a119acf6,2026-02-26T12:00:00Z,2026-02-26T12:15:24Z,auth,auth_enUS_labelerexp,at://did:plc:7gt3dnitx75ukene2ebr6jin/app.bsky.feed.post/3mfpgiquib22j,8,1,0,0
28b4975a4b464c5ebc4384b8a119acf6,2026-02-26T12:00:00Z,2026-02-26T12:15:24Z,auth,auth_enUS_labelerexp,at://did:plc:rnblkxxojjcppqmgfikf7stf/app.bsky.feed.post/3mfpfz4p3fs2z,24,9,1,0
28b4975a4b464c5ebc4384b8a119acf6,2026-02-26T12:00:00Z,2026-02-26T12:15:24Z,auth,auth_enUS_labelerexp,at://did:plc:kgenikp2tlouvdik3dp3vq3o/app.bsky.feed.post/3mfpfyevt2k2u,13,1,1,0
28b4975a4b464c5ebc4384b8a119acf6,2026-02-26T12:00:00Z,2026-02-26T12:15:24Z,auth,auth_enUS_labelerexp,at://did:plc:qnk6yi2w5amhw6bbpnmp2vkl/app.bsky.feed.post/3mfpfqvzdz22t,12,1,0,0
28b4975a4b464c5ebc4384b8a119acf6,2026-02-26T12:00:00Z,2026-02-26T12:15:24Z,auth,auth_enUS_labelerexp,at://did:plc:nzmnuu7z3a3pod4lambkzj6y/app.bsky.feed.post/3mfpfoknp5s2a,129,24,1,0
28b4975a4b464c5ebc4384b8a119acf6,2026-02-26T12:00:00Z,2026-02-26T12:15:24Z,auth,auth_enUS_labelerexp,at://did:plc:nir4547i63s5plxcz43l3kx4/app.bsky.feed.post/3mfpeqnrpcs2c,11,2,1,0
28b4975a4b464c5ebc4384b8a119acf6,2026-02-26T12:00:00Z,2026-02-26T12:15:24Z,auth,auth_enUS_labelerexp,at://did:plc:ishfoh6z4zr4kucikm2c5s7f/app.bsky.feed.post/3mfpelqmn2d2x,6,0,0,0
28b4975a4b464c5ebc4384b8a119acf6,2026-02-26T12:00:00Z,2026-02-26T12:15:24Z,auth,auth_enUS_labelerexp,at://did:plc:rj3eriprnlnuxaxcce7vbshk/app.bsky.feed.post/3mfpc4jjsxk2n,11,3,2,0
28b4975a4b464c5ebc4384b8a119acf6,2026-02-26T12:00:00Z,2026-02-26T12:15:24Z,auth,auth_enUS_labelerexp,at://did:plc:vuznoqlocemn5ecbhpyopgfo/app.bsky.feed.post/3mfparueq4c2j,2,0,0,0
28b4975a4b464c5ebc4384b8a119acf6,2026-02-26T12:00:00Z,2026-02-26T12:15:24Z,auth,auth_enUS_labelerexp,at://did:plc:36h6ttx2g23zqr4accilbvo7/app.bsky.feed.post/3mfp7mzf4vs2q,720,63,27,1
28b4975a4b464c5ebc4384b8a119acf6,2026-02-26T12:00:00Z,2026-02-26T12:15:24Z,auth,auth_enUS_labelerexp,at://did:plc:3lizeiwo7mgrgypp3hf4bxxz/app.bsky.feed.post/3mfp74kawok2i,92,10,0,0
28b4975a4b464c5ebc4384b8a119acf6,2026-02-26T12:00:00Z,2026-02-26T12:15:24Z,auth,auth_enUS_labelerexp,at://did:plc:insvhllijbjc7ytfbyeukwfr/app.bsky.feed.post/3mfp74awju22y,29,7,3,0
28b4975a4b464c5ebc4384b8a119acf6,2026-02-26T12:00:00Z,2026-02-26T12:15:24Z,auth,auth_enUS_labelerexp,at://did:plc:wrisbaiw6nmntsf5aa5q6gzq/app.bsky.feed.post/3mfp6wolmr22a,14,2,0,1
28b4975a4b464c5ebc4384b8a119acf6,2026-02-26T12:00:00Z,2026-02-26T12:15:24Z,auth,auth_enUS_labelerexp,at://did:plc:wrisbaiw6nmntsf5aa5q6gzq/app.bsky.feed.post/3mfp6tyczvc2l,134,26,3,0
28b4975a4b464c5ebc4384b8a119acf6,2026-02-26T12:00:00Z,2026-02-26T12:15:24Z,auth,auth_enUS_labelerexp,at://did:plc:ishfoh6z4zr4kucikm2c5s7f/app.bsky.feed.post/3mfp6cqriwp2f,3,1,0,0
28b4975a4b464c5ebc4384b8a119acf6,2026-02-26T12:00:00Z,2026-02-26T12:15:24Z,auth,auth_enUS_labelerexp,at://did:plc:cewaw2qi5qyrajlkq7rsrrgj/app.bsky.feed.post/3mfp5whal422l,20,2,1,0
28b4975a4b464c5ebc4384b8a119acf6,2026-02-26T12:00:00Z,2026-02-26T12:15:24Z,auth,auth_enUS_labelerexp,at://did:plc:mtvier52czqqda3wm763dlsq/app.bsky.feed.post/3mfp4wtk5ns2h,303,108,5,0
28b4975a4b464c5ebc4384b8a119acf6,2026-02-26T12:00:00Z,2026-02-26T12:15:24Z,auth,auth_enUS_labelerexp,at://did:plc:ubjkbryakwldgxqogffvwdz3/app.bsky.feed.post/3mfp3r4wig22v,37,7,0,0
28b4975a4b464c5ebc4384b8a119acf6,2026-02-26T12:00:00Z,2026-02-26T12:15:27Z,auth,auth_enUS_labelerexp,at://did:plc:cxuzwp5dzmxkrdr55qh25mgb/app.bsky.feed.post/3lcbjnnkq5s2i,207,11,163,1
28b4975a4b464c5ebc4384b8a119acf6,2026-02-26T12:00:00Z,2026-02-26T12:15:27Z,auth,auth_enUS_labelerexp,at://did:plc:m27ytmy3drcons3z27a76gif/app.bsky.feed.post/3mfr5npztas2l,0,0,0,0
28b4975a4b464c5ebc4384b8a119acf6,2026-02-26T12:00:00Z,2026-02-26T12:15:27Z,auth,auth_enUS_labelerexp,at://did:plc:lrgtxvolgwtrwmtxolgkgtmt/app.bsky.feed.post/3mfr5feyf5k2p,2,0,2,0
28b4975a4b464c5ebc4384b8a119acf6,2026-02-26T12:00:00Z,2026-02-26T12:15:27Z,auth,auth_enUS_labelerexp,at://did:plc:4v6at52hyxca5rm7e2freeee/app.bsky.feed.post/3mfr4tfy7ic2i,7,1,0,0
28b4975a4b464c5ebc4384b8a119acf6,2026-02-26T12:00:00Z,2026-02-26T12:15:27Z,auth,auth_enUS_labelerexp,at://did:plc:tds6tm2gzx5zva6gyfhtdmsp/app.bsky.feed.post/3mfr4ogkud22h,111,4,3,0
28b4975a4b464c5ebc4384b8a119acf6,2026-02-26T12:00:00Z,2026-02-26T12:15:27Z,auth,auth_enUS_labelerexp,at://did:plc:xwlzumoeoeruhlc6heqbhiz4/app.bsky.feed.post/3mfr4ijvouk24,2,0,0,0
28b4975a4b464c5ebc4384b8a119acf6,2026-02-26T12:00:00Z,2026-02-26T12:15:27Z,auth,auth_enUS_labelerexp,at://did:plc:xwlzumoeoeruhlc6heqbhiz4/app.bsky.feed.post/3mfr4hq4hnc24,3,0,0,0
28b4975a4b464c5ebc4384b8a119acf6,2026-02-26T12:00:00Z,2026-02-26T12:15:27Z,auth,auth_enUS_labelerexp,at://did:plc:impfbxk6xzrkf7kwgpnaspct/app.bsky.feed.post/3mfr4frtbg223,8,0,0,0
28b4975a4b464c5ebc4384b8a119acf6,2026-02-26T12:00:00Z,2026-02-26T12:15:27Z,auth,auth_enUS_labelerexp,at://did:plc:og7h5fbps4ohqrk2fpps3mfd/app.bsky.feed.post/3mfr46fb5bk2o,30,1,3,0
28b4975a4b464c5ebc4384b8a119acf6,2026-02-26T12:00:00Z,2026-02-26T12:15:27Z,auth,auth_enUS_labelerexp,at://did:plc:tds6tm2gzx5zva6gyfhtdmsp/app.bsky.feed.post/3mfr43w5mic2i,111,0,1,0
28b4975a4b464c5ebc4384b8a119acf6,2026-02-26T12:00:00Z,2026-02-26T12:15:27Z,auth,auth_enUS_labelerexp,at://did:plc:dluxclbmnsh3bt6wyih5l6ds/app.bsky.feed.post/3mfr42vya2k2w,1,0,0,0
28b4975a4b464c5ebc4384b8a119acf6,2026-02-26T12:00:00Z,2026-02-26T12:15:27Z,auth,auth_enUS_labelerexp,at://did:plc:lpdhjme36g7orr35xlqhbomo/app.bsky.feed.post/3mfr3mv7l222c,6,0,0,0
28b4975a4b464c5ebc4384b8a119acf6,2026-02-26T12:00:00Z,2026-02-26T12:15:27Z,auth,auth_enUS_labelerexp,at://did:plc:63ntnvwljjgstjsbxsvhwmii/app.bsky.feed.post/3mfr3h6hdic2s,3,0,0,0
28b4975a4b464c5ebc4384b8a119acf6,2026-02-26T12:00:00Z,2026-02-26T12:15:27Z,auth,auth_enUS_labelerexp,at://did:plc:tyabix3frrd2ck4e62h72jfe/app.bsky.feed.post/3mfr3dphdgc2x,6,0,0,0
28b4975a4b464c5ebc4384b8a119acf6,2026-02-26T12:00:00Z,2026-02-26T12:15:27Z,auth,auth_enUS_labelerexp,at://did:plc:xavfbr6hrhhdueo5m37jiucs/app.bsky.feed.post/3mfr3bs3njs2h,0,0,0,0
28b4975a4b464c5ebc4384b8a119acf6,2026-02-26T12:00:00Z,2026-02-26T12:15:27Z,auth,auth_enUS_labelerexp,at://did:plc:nqailhl6q6q5wce7gkubyqab/app.bsky.feed.post/3mfqztdgpkc2b,13,0,1,0
28b4975a4b464c5ebc4384b8a119acf6,2026-02-26T12:00:00Z,2026-02-26T12:15:27Z,auth,auth_enUS_labelerexp,at://did:plc:w24nasay2nop45ir7is3675u/app.bsky.feed.post/3mfqzgoybds22,8,0,2,0
28b4975a4b464c5ebc4384b8a119acf6,2026-02-26T12:00:00Z,2026-02-26T12:15:27Z,auth,auth_enUS_labelerexp,at://did:plc:vrbfjvktbaipqanidi5ybue5/app.bsky.feed.post/3mfqzfrjyys25,13,0,0,0
28b4975a4b464c5ebc4384b8a119acf6,2026-02-26T12:00:00Z,2026-02-26T12:15:27Z,auth,auth_enUS_labelerexp,at://did:plc:jdmylt72deismyafuzcnj6a6/app.bsky.feed.post/3mfqzfjbl3k2b,4,0,0,0
28b4975a4b464c5ebc4384b8a119acf6,2026-02-26T12:00:00Z,2026-02-26T12:15:27Z,auth,auth_enUS_labelerexp,at://did:plc:cq6h3thy634ss5y4rzb3j3x6/app.bsky.feed.post/3mfqyysbgms2y,7,0,1,0
28b4975a4b464c5ebc4384b8a119acf6,2026-02-26T12:00:00Z,2026-02-26T12:15:27Z,auth,auth_enUS_labelerexp,at://did:plc:xwlzumoeoeruhlc6heqbhiz4/app.bsky.feed.post/3mfqyp6xf6c2u,3,0,1,0
28b4975a4b464c5ebc4384b8a119acf6,2026-02-26T12:00:00Z,2026-02-26T12:15:27Z,auth,auth_enUS_labelerexp,at://did:plc:3u6gkiwnzgdjhaup5hcvcxmr/app.bsky.feed.post/3mfqylk3yzc2t,26,2,3,0
28b4975a4b464c5ebc4384b8a119acf6,2026-02-26T12:00:00Z,2026-02-26T12:15:27Z,auth,auth_enUS_labelerexp,at://did:plc:n2nvslae7wgjyewj5hgmlsuk/app.bsky.feed.post/3mfqyioapfk2c,2,0,0,0
28b4975a4b464c5ebc4384b8a119acf6,2026-02-26T12:00:00Z,2026-02-26T12:15:27Z,auth,auth_enUS_labelerexp,at://did:plc:xwlzumoeoeruhlc6heqbhiz4/app.bsky.feed.post/3mfqy2cocvs25,1,0,0,0
28b4975a4b464c5ebc4384b8a119acf6,2026-02-26T12:00:00Z,2026-02-26T12:15:27Z,auth,auth_enUS_labelerexp,at://did:plc:tyabix3frrd2ck4e62h72jfe/app.bsky.feed.post/3mfqxxnnji22e,20,0,2,0
28b4975a4b464c5ebc4384b8a119acf6,2026-02-26T12:00:00Z,2026-02-26T12:15:27Z,auth,auth_enUS_labelerexp,at://did:plc:pzssyuyjuv6aqi6kmnbrivfs/app.bsky.feed.post/3mfqxuzyhhk2b,5,0,0,0
28b4975a4b464c5ebc4384b8a119acf6,2026-02-26T12:00:00Z,2026-02-26T12:15:27Z,auth,auth_enUS_labelerexp,at://did:plc:7dci446b5huq4ilylostexyd/app.bsky.feed.post/3mfqxu26ww22h,1,0,0,0
28b4975a4b464c5ebc4384b8a119acf6,2026-02-26T12:00:00Z,2026-02-26T12:15:27Z,auth,auth_enUS_labelerexp,at://did:plc:ciggg3ys3l3mudfmojguh2c2/app.bsky.feed.post/3mfqxoacr4k2q,1,0,0,0
28b4975a4b464c5ebc4384b8a119acf6,2026-02-26T12:00:00Z,2026-02-26T12:15:27Z,auth,auth_enUS_labelerexp,at://did:plc:xwlzumoeoeruhlc6heqbhiz4/app.bsky.feed.post/3mfqximraoc25,1,0,0,0
28b4975a4b464c5ebc4384b8a119acf6,2026-02-26T12:00:00Z,2026-02-26T12:15:27Z,auth,auth_enUS_labelerexp,at://did:plc:xwlzumoeoeruhlc6heqbhiz4/app.bsky.feed.post/3mfqxdgz3bk25,3,0,1,0
28b4975a4b464c5ebc4384b8a119acf6,2026-02-26T12:00:00Z,2026-02-26T12:15:27Z,auth,auth_enUS_labelerexp,at://did:plc:ha4gmmdxg6h2prjjltwwcmds/app.bsky.feed.post/3mfqwnqtuz22g,27,4,2,0
28b4975a4b464c5ebc4384b8a119acf6,2026-02-26T12:00:00Z,2026-02-26T12:15:27Z,auth,auth_enUS_labelerexp,at://did:plc:cq6h3thy634ss5y4rzb3j3x6/app.bsky.feed.post/3mfqvxu7nqk2y,1,0,1,0
28b4975a4b464c5ebc4384b8a119acf6,2026-02-26T12:00:00Z,2026-02-26T12:15:27Z,auth,auth_enUS_labelerexp,at://did:plc:wcni4ya5hpxuq7aehkhsw3zu/app.bsky.feed.post/3mfqvtnvhqs2o,8,0,0,0
28b4975a4b464c5ebc4384b8a119acf6,2026-02-26T12:00:00Z,2026-02-26T12:15:27Z,auth,auth_enUS_labelerexp,at://did:plc:36bgqefd2q6axeupvhzjzlcj/app.bsky.feed.post/3mfqvcy2u722x,28,4,2,0
28b4975a4b464c5ebc4384b8a119acf6,2026-02-26T12:00:00Z,2026-02-26T12:15:27Z,auth,auth_enUS_labelerexp,at://did:plc:4piixkxo4avdjxsw5vibwms5/app.bsky.feed.post/3mfqvauveyk2k,10,0,0,0
28b4975a4b464c5ebc4384b8a119acf6,2026-02-26T12:00:00Z,2026-02-26T12:15:27Z,auth,auth_enUS_labelerexp,at://did:plc:lrgtxvolgwtrwmtxolgkgtmt/app.bsky.feed.post/3mfqudgaoic2y,5,1,1,0
28b4975a4b464c5ebc4384b8a119acf6,2026-02-26T12:00:00Z,2026-02-26T12:15:27Z,auth,auth_enUS_labelerexp,at://did:plc:vn2r75sbdehc2gi3qeuhwhap/app.bsky.feed.post/3mfqubjetgk23,14,1,1,0
28b4975a4b464c5ebc4384b8a119acf6,2026-02-26T12:00:00Z,2026-02-26T12:15:27Z,auth,auth_enUS_labelerexp,at://did:plc:wz6ux4keati4lih222kiqzf5/app.bsky.feed.post/3mfqtzmcmu22z,30,0,1,0
28b4975a4b464c5ebc4384b8a119acf6,2026-02-26T12:00:00Z,2026-02-26T12:15:27Z,auth,auth_enUS_labelerexp,at://did:plc:kslvo6xupj5wuq5uztuz33wy/app.bsky.feed.post/3mfqton2yv22l,18,7,3,0
28b4975a4b464c5ebc4384b8a119acf6,2026-02-26T12:00:00Z,2026-02-26T12:15:27Z,auth,auth_enUS_labelerexp,at://did:plc:wcni4ya5hpxuq7aehkhsw3zu/app.bsky.feed.post/3mfqtcbpl6k2o,3,0,0,0
28b4975a4b464c5ebc4384b8a119acf6,2026-02-26T12:00:00Z,2026-02-26T12:15:27Z,auth,auth_enUS_labelerexp,at://did:plc:wf7yr7mzn552p36zrox77nsv/app.bsky.feed.post/3mfqt5noxvc2h,6,0,1,0
28b4975a4b464c5ebc4384b8a119acf6,2026-02-26T12:00:00Z,2026-02-26T12:15:27Z,auth,auth_enUS_labelerexp,at://did:plc:6byo775hxjoumc54yjsbfkuu/app.bsky.feed.post/3mfqt5mian22o,2,0,2,0
28b4975a4b464c5ebc4384b8a119acf6,2026-02-26T12:00:00Z,2026-02-26T12:15:27Z,auth,auth_enUS_labelerexp,at://did:plc:6byo775hxjoumc54yjsbfkuu/app.bsky.feed.post/3mfqstv4ay22o,7,0,0,0
28b4975a4b464c5ebc4384b8a119acf6,2026-02-26T12:00:00Z,2026-02-26T12:15:27Z,auth,auth_enUS_labelerexp,at://did:plc:lrgtxvolgwtrwmtxolgkgtmt/app.bsky.feed.post/3mfqsp6c7f22y,6,0,1,0
28b4975a4b464c5ebc4384b8a119acf6,2026-02-26T12:00:00Z,2026-02-26T12:15:27Z,auth,auth_enUS_labelerexp,at://did:plc:bguipfcwbtvngg2yvclujucg/app.bsky.feed.post/3mfqsb3j5t22k,2,0,0,0
28b4975a4b464c5ebc4384b8a119acf6,2026-02-26T12:00:00Z,2026-02-26T12:15:27Z,auth,auth_enUS_labelerexp,at://did:plc:vrbfjvktbaipqanidi5ybue5/app.bsky.feed.post/3mfqri3grhc2a,5,0,0,0
28b4975a4b464c5ebc4384b8a119acf6,2026-02-26T12:00:00Z,2026-02-26T12:15:27Z,auth,auth_enUS_labelerexp,at://did:plc:3xupp54emlpuhjwucgnma6wg/app.bsky.feed.post/3mfqqwde5n22q,52,0,3,0
28b4975a4b464c5ebc4384b8a119acf6,2026-02-26T12:00:00Z,2026-02-26T12:15:27Z,auth,auth_enUS_labelerexp,at://did:plc:wf7yr7mzn552p36zrox77nsv/app.bsky.feed.post/3mfqqvilikc2p,23,3,0,0
28b4975a4b464c5ebc4384b8a119acf6,2026-02-26T12:00:00Z,2026-02-26T12:15:27Z,auth,auth_enUS_labelerexp,at://did:plc:ea5ayfgijmslrss4adxcdbd5/app.bsky.feed.post/3mfqquzmghs2h,4,0,0,0
28b4975a4b464c5ebc4384b8a119acf6,2026-02-26T12:00:00Z,2026-02-26T12:15:27Z,auth,auth_enUS_labelerexp,at://did:plc:bqwofwkvu4j6fvjs4nhctj7p/app.bsky.feed.post/3mfqquhbyts2r,4,0,1,0
28b4975a4b464c5ebc4384b8a119acf6,2026-02-26T12:00:00Z,2026-02-26T12:15:29Z,auth,auth_enUS_labelerexp,at://did:plc:ffkgesg3jsv2j7aagkzrtcvt/app.bsky.feed.post/3lbg4r57yk22d,6399,408,3,162
28b4975a4b464c5ebc4384b8a119acf6,2026-02-26T12:00:00Z,2026-02-26T12:15:29Z,auth,auth_enUS_labelerexp,at://did:plc:7y3iqm7bupeqlp3snvdpeuun/app.bsky.feed.post/3mfr67uvork2m,0,0,0,0
28b4975a4b464c5ebc4384b8a119acf6,2026-02-26T12:00:00Z,2026-02-26T12:15:29Z,auth,auth_enUS_labelerexp,at://did:plc:pmi7yu6rbjzrhr6xt7tdd64u/app.bsky.feed.post/3mfr66zz2qc2q,0,0,1,0
28b4975a4b464c5ebc4384b8a119acf6,2026-02-26T12:00:00Z,2026-02-26T12:15:29Z,auth,auth_enUS_labelerexp,at://did:plc:pmi7yu6rbjzrhr6xt7tdd64u/app.bsky.feed.post/3mfr66woarc2q,0,0,1,0
28b4975a4b464c5ebc4384b8a119acf6,2026-02-26T12:00:00Z,2026-02-26T12:15:29Z,auth,auth_enUS_labelerexp,at://did:plc:pmi7yu6rbjzrhr6xt7tdd64u/app.bsky.feed.post/3mfr675bdnk2q,0,0,0,0
28b4975a4b464c5ebc4384b8a119acf6,2026-02-26T12:00:00Z,2026-02-26T12:15:29Z,auth,auth_enUS_labelerexp,at://did:plc:pmi7yu6rbjzrhr6xt7tdd64u/app.bsky.feed.post/3mfr65czh4k2q,0,0,1,0
28b4975a4b464c5ebc4384b8a119acf6,2026-02-26T12:00:00Z,2026-02-26T12:15:29Z,auth,auth_enUS_labelerexp,at://did:plc:pmi7yu6rbjzrhr6xt7tdd64u/app.bsky.feed.post/3mfr66tf3js2q,0,0,1,0
28b4975a4b464c5ebc4384b8a119acf6,2026-02-26T12:00:00Z,2026-02-26T12:15:29Z,auth,auth_enUS_labelerexp,at://did:plc:pmi7yu6rbjzrhr6xt7tdd64u/app.bsky.feed.post/3mfr65gpcm22q,0,0,1,0
28b4975a4b464c5ebc4384b8a119acf6,2026-02-26T12:00:00Z,2026-02-26T12:15:29Z,auth,auth_enUS_labelerexp,at://did:plc:pmi7yu6rbjzrhr6xt7tdd64u/app.bsky.feed.post/3mfr65zhwdc2q,0,0,1,0
28b4975a4b464c5ebc4384b8a119acf6,2026-02-26T12:00:00Z,2026-02-26T12:15:29Z,auth,auth_enUS_labelerexp,at://did:plc:pmi7yu6rbjzrhr6xt7tdd64u/app.bsky.feed.post/3mfr66czwd22q,0,0,1,0
28b4975a4b464c5ebc4384b8a119acf6,2026-02-26T12:00:00Z,2026-02-26T12:15:29Z,auth,auth_enUS_labelerexp,at://did:plc:pmi7yu6rbjzrhr6xt7tdd64u/app.bsky.feed.post/3mfr65py7lc2q,0,0,1,0
28b4975a4b464c5ebc4384b8a119acf6,2026-02-26T12:00:00Z,2026-02-26T12:15:29Z,auth,auth_enUS_labelerexp,at://did:plc:u3esmflhonfu5tt4xrts77ar/app.bsky.feed.post/3mfr643kd722f,0,0,0,0
28b4975a4b464c5ebc4384b8a119acf6,2026-02-26T12:00:00Z,2026-02-26T12:15:29Z,auth,auth_enUS_labelerexp,at://did:plc:s5r72tpwycylj7u6jfpdja7h/app.bsky.feed.post/3mfr5zw6izc2w,0,0,0,0
28b4975a4b464c5ebc4384b8a119acf6,2026-02-26T12:00:00Z,2026-02-26T12:15:29Z,auth,auth_enUS_labelerexp,at://did:plc:3nyrp6m5omgdmpjnu4sshbyt/app.bsky.feed.post/3mfr5wchwls2m,2,0,0,0
28b4975a4b464c5ebc4384b8a119acf6,2026-02-26T12:00:00Z,2026-02-26T12:15:29Z,auth,auth_enUS_labelerexp,at://did:plc:rzkacs6cqbcghh5qcf5rz7jq/app.bsky.feed.post/3mfr5szmx7s2c,13,3,0,0
28b4975a4b464c5ebc4384b8a119acf6,2026-02-26T12:00:00Z,2026-02-26T12:15:29Z,auth,auth_enUS_labelerexp,at://did:plc:za7chehutm5x6vz42howw6c7/app.bsky.feed.post/3mfr5qkylrs26,2,0,0,0
28b4975a4b464c5ebc4384b8a119acf6,2026-02-26T12:00:00Z,2026-02-26T12:15:29Z,auth,auth_enUS_labelerexp,at://did:plc:xwpo7zdbfrxo6ajskot57kw4/app.bsky.feed.post/3mfr5owbfkc2l,4,1,0,0
28b4975a4b464c5ebc4384b8a119acf6,2026-02-26T12:00:00Z,2026-02-26T12:15:29Z,auth,auth_enUS_labelerexp,at://did:plc:fovyzz7apuwz4rjw4kyhievq/app.bsky.feed.post/3mfr5isebak2o,0,0,0,0
28b4975a4b464c5ebc4384b8a119acf6,2026-02-26T12:00:00Z,2026-02-26T12:15:29Z,auth,auth_enUS_labelerexp,at://did:plc:dmzsfmbh2ieyhexwrpq3ud6f/app.bsky.feed.post/3mfr5hybcik2b,16,1,0,1
28b4975a4b464c5ebc4384b8a119acf6,2026-02-26T12:00:00Z,2026-02-26T12:15:29Z,auth,auth_enUS_labelerexp,at://did:plc:rpealguof6k3rbxbuourojhb/app.bsky.feed.post/3mfr5fy4j222s,17,7,0,0
28b4975a4b464c5ebc4384b8a119acf6,2026-02-26T12:00:00Z,2026-02-26T12:15:29Z,auth,auth_enUS_labelerexp,at://did:plc:fmm2s4iwwxveczylbrzzrwx6/app.bsky.feed.post/3mfr56wdwjc2u,4,0,0,0
28b4975a4b464c5ebc4384b8a119acf6,2026-02-26T12:00:00Z,2026-02-26T12:15:29Z,auth,auth_enUS_labelerexp,at://did:plc:ol43aqfo6tnb7bk6y3wqoh7v/app.bsky.feed.post/3mfr53t7gyc2n,7,1,0,0
28b4975a4b464c5ebc4384b8a119acf6,2026-02-26T12:00:00Z,2026-02-26T12:15:29Z,auth,auth_enUS_labelerexp,at://did:plc:s5r72tpwycylj7u6jfpdja7h/app.bsky.feed.post/3mfr4zb23dk2k,7,0,0,0
28b4975a4b464c5ebc4384b8a119acf6,2026-02-26T12:00:00Z,2026-02-26T12:15:29Z,auth,auth_enUS_labelerexp,at://did:plc:5hcwdrkkfv4qgezqqbv2oazp/app.bsky.feed.post/3mfr4wvnj6s2x,8,1,0,0
28b4975a4b464c5ebc4384b8a119acf6,2026-02-26T12:00:00Z,2026-02-26T12:15:29Z,auth,auth_enUS_labelerexp,at://did:plc:eqevwbj5vjixmtzfhaaj63o2/app.bsky.feed.post/3mfr4wezyfk22,7,1,1,0
28b4975a4b464c5ebc4384b8a119acf6,2026-02-26T12:00:00Z,2026-02-26T12:15:29Z,auth,auth_enUS_labelerexp,at://did:plc:gte6sx5vkg2fohciefmpjj4w/app.bsky.feed.post/3mfr4wcwdec2b,6,1,1,0
28b4975a4b464c5ebc4384b8a119acf6,2026-02-26T12:00:00Z,2026-02-26T12:15:29Z,auth,auth_enUS_labelerexp,at://did:plc:cerdzsz3eykj5pph7g4yks6h/app.bsky.feed.post/3mfr4w4luts2r,3,0,0,0
28b4975a4b464c5ebc4384b8a119acf6,2026-02-26T12:00:00Z,2026-02-26T12:15:29Z,auth,auth_enUS_labelerexp,at://did:plc:t6ujrqu5qztvc7zuxwzgphzd/app.bsky.feed.post/3mfr4na4yu22s,9,0,0,0
28b4975a4b464c5ebc4384b8a119acf6,2026-02-26T12:00:00Z,2026-02-26T12:15:29Z,auth,auth_enUS_labelerexp,at://did:plc:wroer4z7ydslu2u7cpxx2fvr/app.bsky.feed.post/3mfr4lr2zh22x,5,0,0,0
28b4975a4b464c5ebc4384b8a119acf6,2026-02-26T12:00:00Z,2026-02-26T12:15:29Z,auth,auth_enUS_labelerexp,at://did:plc:rasngeqxkgbh6utmexlcvffr/app.bsky.feed.post/3mfr4gvx2rc2q,4,0,0,0
28b4975a4b464c5ebc4384b8a119acf6,2026-02-26T12:00:00Z,2026-02-26T12:15:29Z,auth,auth_enUS_labelerexp,at://did:plc:gte6sx5vkg2fohciefmpjj4w/app.bsky.feed.post/3mfr4eieal22b,9,0,1,0
28b4975a4b464c5ebc4384b8a119acf6,2026-02-26T12:00:00Z,2026-02-26T12:15:29Z,auth,auth_enUS_labelerexp,at://did:plc:xqzqnf4ip422bw6oxsmyo3zb/app.bsky.feed.post/3mfr4c7p6a22v,14,1,0,0
28b4975a4b464c5ebc4384b8a119acf6,2026-02-26T12:00:00Z,2026-02-26T12:15:29Z,auth,auth_enUS_labelerexp,at://did:plc:bqeah7awypy7qftaai5ndpd4/app.bsky.feed.post/3mfr4b7lu7c2d,11,0,0,0
28b4975a4b464c5ebc4384b8a119acf6,2026-02-26T12:00:00Z,2026-02-26T12:15:29Z,auth,auth_enUS_labelerexp,at://did:plc:4wkqtiypp2c3lkekc3k237wz/app.bsky.feed.post/3mfr3qk5p3k2u,21,4,0,0
28b4975a4b464c5ebc4384b8a119acf6,2026-02-26T12:00:00Z,2026-02-26T12:15:29Z,auth,auth_enUS_labelerexp,at://did:plc:2g33cwgiztqzkfdyibncehp6/app.bsky.feed.post/3mfr3l2pvic2y,19,1,1,0
28b4975a4b464c5ebc4384b8a119acf6,2026-02-26T12:00:00Z,2026-02-26T12:15:29Z,auth,auth_enUS_labelerexp,at://did:plc:u7h7i7q2nbqqgxhipzt7r4zk/app.bsky.feed.post/3mfr3ksc5nk2g,23,2,1,0
28b4975a4b464c5ebc4384b8a119acf6,2026-02-26T12:00:00Z,2026-02-26T12:15:29Z,auth,auth_enUS_labelerexp,at://did:plc:bqt4c23hsdkpeod5gwmj6zd5/app.bsky.feed.post/3mfr3exh2ls2y,22,2,0,0
28b4975a4b464c5ebc4384b8a119acf6,2026-02-26T12:00:00Z,2026-02-26T12:15:29Z,auth,auth_enUS_labelerexp,at://did:plc:u2ejam2fv356d765jwf65vgz/app.bsky.feed.post/3mfr3avt2ejrn,7,0,0,0
28b4975a4b464c5ebc4384b8a119acf6,2026-02-26T12:00:00Z,2026-02-26T12:15:29Z,auth,auth_enUS_labelerexp,at://did:plc:wbw3fjumz5vheamghlampeul/app.bsky.feed.post/3mfr357nqcs2c,2,0,0,0
28b4975a4b464c5ebc4384b8a119acf6,2026-02-26T12:00:00Z,2026-02-26T12:15:29Z,auth,auth_enUS_labelerexp,at://did:plc:wfxm5l4j7uqfbfwj4xwym2om/app.bsky.feed.post/3mfr32w4nic2e,20,1,1,0
28b4975a4b464c5ebc4384b8a119acf6,2026-02-26T12:00:00Z,2026-02-26T12:15:29Z,auth,auth_enUS_labelerexp,at://did:plc:wybpu5doak7leewyl4m2jvjw/app.bsky.feed.post/3mfr32rmtwc2k,12,2,1,0
28b4975a4b464c5ebc4384b8a119acf6,2026-02-26T12:00:00Z,2026-02-26T12:15:29Z,auth,auth_enUS_labelerexp,at://did:plc:l2zet7mya3q6frhmith2xyox/app.bsky.feed.post/3mfr2za2orp2l,2,0,0,0
28b4975a4b464c5ebc4384b8a119acf6,2026-02-26T12:00:00Z,2026-02-26T12:15:29Z,auth,auth_enUS_labelerexp,at://did:plc:6ceqtjqbw5palqa5mztjubln/app.bsky.feed.post/3mfr2y4pbz22k,22,1,0,0
28b4975a4b464c5ebc4384b8a119acf6,2026-02-26T12:00:00Z,2026-02-26T12:15:29Z,auth,auth_enUS_labelerexp,at://did:plc:x4gmxs5tg7qmbeiwphqhcy3i/app.bsky.feed.post/3mfr2xvkr7i2s,6,0,0,0
28b4975a4b464c5ebc4384b8a119acf6,2026-02-26T12:00:00Z,2026-02-26T12:15:29Z,auth,auth_enUS_labelerexp,at://did:plc:gte6sx5vkg2fohciefmpjj4w/app.bsky.feed.post/3mfr2wct3is2b,13,0,0,0
28b4975a4b464c5ebc4384b8a119acf6,2026-02-26T12:00:00Z,2026-02-26T12:15:29Z,auth,auth_enUS_labelerexp,at://did:plc:2geltmn6fp7tcfeztbbszlr2/app.bsky.feed.post/3mfr2spqye22u,4,0,0,0
28b4975a4b464c5ebc4384b8a119acf6,2026-02-26T12:00:00Z,2026-02-26T12:15:29Z,auth,auth_enUS_labelerexp,at://did:plc:t7rknj36yvobfwo7zawiiivz/app.bsky.feed.post/3mfr2oxf5ks2g,17,1,1,0
28b4975a4b464c5ebc4384b8a119acf6,2026-02-26T12:00:00Z,2026-02-26T12:15:29Z,auth,auth_enUS_labelerexp,at://did:plc:kn7x36kqx33eor4swikxsqnm/app.bsky.feed.post/3mfr2okobzs2l,19,2,1,0
28b4975a4b464c5ebc4384b8a119acf6,2026-02-26T12:00:00Z,2026-02-26T12:15:29Z,auth,auth_enUS_labelerexp,at://did:plc:tqjdpojdaqugdkq2hvmtgavo/app.bsky.feed.post/3mfr2k6jp722x,23,1,1,0
28b4975a4b464c5ebc4384b8a119acf6,2026-02-26T12:00:00Z,2026-02-26T12:15:29Z,auth,auth_enUS_labelerexp,at://did:plc:hucf7ebzuzbbdlpke2l6rckk/app.bsky.feed.post/3mfr2gtolea52,12,1,1,0
28b4975a4b464c5ebc4384b8a119acf6,2026-02-26T12:00:00Z,2026-02-26T12:15:32Z,auth,auth_enUS_labelerexp,at://did:plc:cunvu774523rjxms7acb656s/app.bsky.feed.post/3mfr625uqvk2n,0,0,1,0
28b4975a4b464c5ebc4384b8a119acf6,2026-02-26T12:00:00Z,2026-02-26T12:15:32Z,auth,auth_enUS_labelerexp,at://did:plc:icsm7hd2dok5lxddyrig4gbt/app.bsky.feed.post/3mfr5xhvmrc2z,5,0,1,0
28b4975a4b464c5ebc4384b8a119acf6,2026-02-26T12:00:00Z,2026-02-26T12:15:32Z,auth,auth_enUS_labelerexp,at://did:plc:2cfn2iw2afjsltmcxen6cns2/app.bsky.feed.post/3mfr5migogc2f,8,1,0,0
28b4975a4b464c5ebc4384b8a119acf6,2026-02-26T12:00:00Z,2026-02-26T12:15:32Z,auth,auth_enUS_labelerexp,at://did:plc:xzoxfmgql2ywfcdz6ycvlowe/app.bsky.feed.post/3mfr5m4aaui2q,1,0,0,0
28b4975a4b464c5ebc4384b8a119acf6,2026-02-26T12:00:00Z,2026-02-26T12:15:32Z,auth,auth_enUS_labelerexp,at://did:plc:6fus52mcs73eyyojdnxvkfyr/app.bsky.feed.post/3mfr53lwqp22n,6,0,1,0
28b4975a4b464c5ebc4384b8a119acf6,2026-02-26T12:00:00Z,2026-02-26T12:15:32Z,auth,auth_enUS_labelerexp,at://did:plc:exwvsd3btwhxk6inlcyq5qry/app.bsky.feed.post/3mfr4rm77jc2g,0,0,0,0
28b4975a4b464c5ebc4384b8a119acf6,2026-02-26T12:00:00Z,2026-02-26T12:15:32Z,auth,auth_enUS_labelerexp,at://did:plc:trjlrhkqfulro7teplcuza67/app.bsky.feed.post/3mfr4lk22qd2w,1,0,0,0
28b4975a4b464c5ebc4384b8a119acf6,2026-02-26T12:00:00Z,2026-02-26T12:15:32Z,auth,auth_enUS_labelerexp,at://did:plc:wrbv5owhep733wnbpp5hsr7d/app.bsky.feed.post/3mfr4764ih22c,5,0,0,0
28b4975a4b464c5ebc4384b8a119acf6,2026-02-26T12:00:00Z,2026-02-26T12:15:32Z,auth,auth_enUS_labelerexp,at://did:plc:izva6tdxggcnrzq47so27qhk/app.bsky.feed.post/3mfr3plpuy22r,40,3,7,1
28b4975a4b464c5ebc4384b8a119acf6,2026-02-26T12:00:00Z,2026-02-26T12:15:32Z,auth,auth_enUS_labelerexp,at://did:plc:ghz2shm6kq3zxtisxrkgcmwc/app.bsky.feed.post/3mfr3pg6l5k2p,15,0,2,0
28b4975a4b464c5ebc4384b8a119acf6,2026-02-26T12:00:00Z,2026-02-26T12:15:32Z,auth,auth_enUS_labelerexp,at://did:plc:kpwalko63tme765mbgluyien/app.bsky.feed.post/3mfr3lgifdk2c,2,0,0,0
28b4975a4b464c5ebc4384b8a119acf6,2026-02-26T12:00:00Z,2026-02-26T12:15:32Z,auth,auth_enUS_labelerexp,at://did:plc:un7rwopnj5g63tgdsi5eftuc/app.bsky.feed.post/3mfr3k4wjoc27,1,1,0,0
28b4975a4b464c5ebc4384b8a119acf6,2026-02-26T12:00:00Z,2026-02-26T12:15:32Z,auth,auth_enUS_labelerexp,at://did:plc:izva6tdxggcnrzq47so27qhk/app.bsky.feed.post/3mfr3hikch22r,75,8,5,2
28b4975a4b464c5ebc4384b8a119acf6,2026-02-26T12:00:00Z,2026-02-26T12:15:32Z,auth,auth_enUS_labelerexp,at://did:plc:oc26b3vs2kypwk3hprz6yqbx/app.bsky.feed.post/3mfr32tlsl22c,5,1,1,0
28b4975a4b464c5ebc4384b8a119acf6,2026-02-26T12:00:00Z,2026-02-26T12:15:32Z,auth,auth_enUS_labelerexp,at://did:plc:jx77pb5yik2f3chpol6lg6mt/app.bsky.feed.post/3mfr2xcmeac23,2,0,0,0
28b4975a4b464c5ebc4384b8a119acf6,2026-02-26T12:00:00Z,2026-02-26T12:15:32Z,auth,auth_enUS_labelerexp,at://did:plc:oc26b3vs2kypwk3hprz6yqbx/app.bsky.feed.post/3mfr2niu45k2c,4,0,0,1
28b4975a4b464c5ebc4384b8a119acf6,2026-02-26T12:00:00Z,2026-02-26T12:15:32Z,auth,auth_enUS_labelerexp,at://did:plc:zveua65xz6nxllyatl6je4bw/app.bsky.feed.post/3mfr2e3xpqs24,10,1,0,0
28b4975a4b464c5ebc4384b8a119acf6,2026-02-26T12:00:00Z,2026-02-26T12:15:32Z,auth,auth_enUS_labelerexp,at://did:plc:edt24sbrn3d2dapjf565jqm3/app.bsky.feed.post/3mfr2a5ygrk2i,3,2,0,1
28b4975a4b464c5ebc4384b8a119acf6,2026-02-26T12:00:00Z,2026-02-26T12:15:32Z,auth,auth_enUS_labelerexp,at://did:plc:sxw2th36klmpelvkrux2pa3y/app.bsky.feed.post/3mfr23j56x22z,3,0,0,0
28b4975a4b464c5ebc4384b8a119acf6,2026-02-26T12:00:00Z,2026-02-26T12:15:32Z,auth,auth_enUS_labelerexp,at://did:plc:etyqh3teyar75uaji3ts4goa/app.bsky.feed.post/3mfqzyf3lrk2b,0,1,0,0
28b4975a4b464c5ebc4384b8a119acf6,2026-02-26T12:00:00Z,2026-02-26T12:15:32Z,auth,auth_enUS_labelerexp,at://did:plc:rmjconpldkourhtggdcnweqf/app.bsky.feed.post/3mfqzyefcv22e,11,3,0,0
28b4975a4b464c5ebc4384b8a119acf6,2026-02-26T12:00:00Z,2026-02-26T12:15:32Z,auth,auth_enUS_labelerexp,at://did:plc:gh6fxfqywj5mmqvql2254ixb/app.bsky.feed.post/3mfqzq5zcpr2u,7,4,0,0
28b4975a4b464c5ebc4384b8a119acf6,2026-02-26T12:00:00Z,2026-02-26T12:15:32Z,auth,auth_enUS_labelerexp,at://did:plc:qsyunw727glefruxz6lq4bbg/app.bsky.feed.post/3mfqznjo7w22k,1,0,0,0
28b4975a4b464c5ebc4384b8a119acf6,2026-02-26T12:00:00Z,2026-02-26T12:15:32Z,auth,auth_enUS_labelerexp,at://did:plc:rmjconpldkourhtggdcnweqf/app.bsky.feed.post/3mfqzkup37s2b,2,1,0,0
28b4975a4b464c5ebc4384b8a119acf6,2026-02-26T12:00:00Z,2026-02-26T12:15:32Z,auth,auth_enUS_labelerexp,at://did:plc:dbyiiezygctpknpht6ygkthv/app.bsky.feed.post/3mfqzbzvd7k26,1,0,0,0
28b4975a4b464c5ebc4384b8a119acf6,2026-02-26T12:00:00Z,2026-02-26T12:15:32Z,auth,auth_enUS_labelerexp,at://did:plc:rmjconpldkourhtggdcnweqf/app.bsky.feed.post/3mfqz5sx2u22b,1,2,0,0
28b4975a4b464c5ebc4384b8a119acf6,2026-02-26T12:00:00Z,2026-02-26T12:15:32Z,auth,auth_enUS_labelerexp,at://did:plc:k4sbv2kmnalceyuq2qwqhblj/app.bsky.feed.post/3mfqz3erts22p,4,1,0,0
28b4975a4b464c5ebc4384b8a119acf6,2026-02-26T12:00:00Z,2026-02-26T12:15:32Z,auth,auth_enUS_labelerexp,at://did:plc:vmzhftl7lqvudpgmmhemfreb/app.bsky.feed.post/3mfqyzmhqsc2d,3,1,0,0
28b4975a4b464c5ebc4384b8a119acf6,2026-02-26T12:00:00Z,2026-02-26T12:15:32Z,auth,auth_enUS_labelerexp,at://did:plc:zzza7zo2lho4etts27epjgpc/app.bsky.feed.post/3mfqyl2akqc2q,9,0,1,0
28b4975a4b464c5ebc4384b8a119acf6,2026-02-26T12:00:00Z,2026-02-26T12:15:32Z,auth,auth_enUS_labelerexp,at://did:plc:k7hfz5d2dvpq2ogvguv5mb6l/app.bsky.feed.post/3mfqykoudhk2m,1,0,0,0
28b4975a4b464c5ebc4384b8a119acf6,2026-02-26T12:00:00Z,2026-02-26T12:15:32Z,auth,auth_enUS_labelerexp,at://did:plc:is5tbru3tms54yuhbczuw22w/app.bsky.feed.post/3mfqycyj2ss2k,7,2,0,0
28b4975a4b464c5ebc4384b8a119acf6,2026-02-26T12:00:00Z,2026-02-26T12:15:32Z,auth,auth_enUS_labelerexp,at://did:plc:iims6e3wsnnivt4luvvvpehc/app.bsky.feed.post/3mfqy5wz5rc23,2,0,2,0
28b4975a4b464c5ebc4384b8a119acf6,2026-02-26T12:00:00Z,2026-02-26T12:15:32Z,auth,auth_enUS_labelerexp,at://did:plc:bysgtt67lumn7vlmxyoungmd/app.bsky.feed.post/3mfqxehpeps23,0,0,0,0
28b4975a4b464c5ebc4384b8a119acf6,2026-02-26T12:00:00Z,2026-02-26T12:15:32Z,auth,auth_enUS_labelerexp,at://did:plc:23wjsvypl7adzladmsjzribh/app.bsky.feed.post/3mfqxebms5s2v,10,1,0,3
28b4975a4b464c5ebc4384b8a119acf6,2026-02-26T12:00:00Z,2026-02-26T12:15:32Z,auth,auth_enUS_labelerexp,at://did:plc:lcriacngmw2su6hhxfshwfdk/app.bsky.feed.post/3mfqwwvgilb2x,1,0,0,0
28b4975a4b464c5ebc4384b8a119acf6,2026-02-26T12:00:00Z,2026-02-26T12:15:32Z,auth,auth_enUS_labelerexp,at://did:plc:z5ptmit32ew4wrgnsshagsr6/app.bsky.feed.post/3mfqwrri7hl2z,3,0,0,0
28b4975a4b464c5ebc4384b8a119acf6,2026-02-26T12:00:00Z,2026-02-26T12:15:32Z,auth,auth_enUS_labelerexp,at://did:plc:3vwe6hxijcba3tpcsqxn6f5l/app.bsky.feed.post/3mfqvuzkadt23,3,0,1,0
28b4975a4b464c5ebc4384b8a119acf6,2026-02-26T12:00:00Z,2026-02-26T12:15:32Z,auth,auth_enUS_labelerexp,at://did:plc:xmydhuj4v6fegfolfwwwgou5/app.bsky.feed.post/3mfqvpg4ufs2s,8,6,0,0
28b4975a4b464c5ebc4384b8a119acf6,2026-02-26T12:00:00Z,2026-02-26T12:15:32Z,auth,auth_enUS_labelerexp,at://did:plc:hxww3uqustma2t2prhw35hk4/app.bsky.feed.post/3mfqvozdlq22a,2,1,0,0
28b4975a4b464c5ebc4384b8a119acf6,2026-02-26T12:00:00Z,2026-02-26T12:15:32Z,auth,auth_enUS_labelerexp,at://did:plc:izva6tdxggcnrzq47so27qhk/app.bsky.feed.post/3mfqvmpq6ok2l,25,8,2,0
28b4975a4b464c5ebc4384b8a119acf6,2026-02-26T12:00:00Z,2026-02-26T12:15:32Z,auth,auth_enUS_labelerexp,at://did:plc:xoldriivlw4rqbvvpl3zv4zb/app.bsky.feed.post/3mfqvllxxh22a,2,0,0,1
28b4975a4b464c5ebc4384b8a119acf6,2026-02-26T12:00:00Z,2026-02-26T12:15:32Z,auth,auth_enUS_labelerexp,at://did:plc:yhpcrxbxkp2nsnpno7ow3uw4/app.bsky.feed.post/3mfqvir3ads2y,11,6,0,0
28b4975a4b464c5ebc4384b8a119acf6,2026-02-26T12:00:00Z,2026-02-26T12:15:32Z,auth,auth_enUS_labelerexp,at://did:plc:ig3t4zuixsgpii3vaxiw3nis/app.bsky.feed.post/3mfqvfpfa4k2o,6,3,0,1
28b4975a4b464c5ebc4384b8a119acf6,2026-02-26T12:00:00Z,2026-02-26T12:15:32Z,auth,auth_enUS_labelerexp,at://did:plc:cgdcjk3latwpwmu657griq2m/app.bsky.feed.post/3mfqvfaayys2h,1,0,1,0
28b4975a4b464c5ebc4384b8a119acf6,2026-02-26T12:00:00Z,2026-02-26T12:15:32Z,auth,auth_enUS_labelerexp,at://did:plc:j2ywry2k53tvgqcaop6up3ah/app.bsky.feed.post/3mfqv667cic2n,0,0,0,0
28b4975a4b464c5ebc4384b8a119acf6,2026-02-26T12:00:00Z,2026-02-26T12:15:32Z,auth,auth_enUS_labelerexp,at://did:plc:icsm7hd2dok5lxddyrig4gbt/app.bsky.feed.post/3mfqv54nwtc2y,8,7,0,3
28b4975a4b464c5ebc4384b8a119acf6,2026-02-26T12:00:00Z,2026-02-26T12:15:32Z,auth,auth_enUS_labelerexp,at://did:plc:rmjconpldkourhtggdcnweqf/app.bsky.feed.post/3mfquucjerc2b,8,2,0,0
28b4975a4b464c5ebc4384b8a119acf6,2026-02-26T12:00:00Z,2026-02-26T12:15:32Z,auth,auth_enUS_labelerexp,at://did:plc:7kjc7zzv54jl6yxuyjkpdvbx/app.bsky.feed.post/3mfqusu7gvc2v,17,5,0,0
28b4975a4b464c5ebc4384b8a119acf6,2026-02-26T12:00:00Z,2026-02-26T12:15:32Z,auth,auth_enUS_labelerexp,at://did:plc:oc26b3vs2kypwk3hprz6yqbx/app.bsky.feed.post/3mfqusl5bqc2c,4,1,0,0
28b4975a4b464c5ebc4384b8a119acf6,2026-02-26T12:00:00Z,2026-02-26T12:15:32Z,auth,auth_enUS_labelerexp,at://did:plc:gh6fxfqywj5mmqvql2254ixb/app.bsky.feed.post/3mfqtmnnidq27,1,0,0,0
28b4975a4b464c5ebc4384b8a119acf6,2026-02-26T12:00:00Z,2026-02-26T12:15:33Z,auth,auth_enUS_labelerexp,at://did:plc:xlg3n6wnpwhirrtqm7e7gbpl/app.bsky.feed.post/3latrmgeom22z,1394,163,37,16
28b4975a4b464c5ebc4384b8a119acf6,2026-02-26T12:00:00Z,2026-02-26T12:15:33Z,auth,auth_enUS_labelerexp,at://did:plc:bispnehdxittdjsvrt4762gf/app.bsky.feed.post/3mfqpes6iwk2k,0,0,0,0
28b4975a4b464c5ebc4384b8a119acf6,2026-02-26T12:00:00Z,2026-02-26T12:15:33Z,auth,auth_enUS_labelerexp,at://did:plc:ih3gpghgn7isolw6rnnexbey/app.bsky.feed.post/3mfq6lux2vk24,24,3,2,0
28b4975a4b464c5ebc4384b8a119acf6,2026-02-26T12:00:00Z,2026-02-26T12:15:33Z,auth,auth_enUS_labelerexp,at://did:plc:egpjeq4etdp6pkxqutll5wsd/app.bsky.feed.post/3mfq5n2o35o23,13,3,3,0
28b4975a4b464c5ebc4384b8a119acf6,2026-02-26T12:00:00Z,2026-02-26T12:15:33Z,auth,auth_enUS_labelerexp,at://did:plc:egpjeq4etdp6pkxqutll5wsd/app.bsky.feed.post/3mfq5n2o35o23,13,3,3,0
28b4975a4b464c5ebc4384b8a119acf6,2026-02-26T12:00:00Z,2026-02-26T12:15:33Z,auth,auth_enUS_labelerexp,at://did:plc:2xisupj43xdq7uvffzigis5p/app.bsky.feed.post/3mfpu7leuoj2a,31,10,0,1
28b4975a4b464c5ebc4384b8a119acf6,2026-02-26T12:00:00Z,2026-02-26T12:15:33Z,auth,auth_enUS_labelerexp,at://did:plc:2xisupj43xdq7uvffzigis5p/app.bsky.feed.post/3mfpu7jpcsv2h,98,38,2,1
28b4975a4b464c5ebc4384b8a119acf6,2026-02-26T12:00:00Z,2026-02-26T12:15:33Z,auth,auth_enUS_labelerexp,at://did:plc:cqspprdohonuhm7hx3xrzbk2/app.bsky.feed.post/3mfpsxzakys2i,31,12,0,1
28b4975a4b464c5ebc4384b8a119acf6,2026-02-26T12:00:00Z,2026-02-26T12:15:33Z,auth,auth_enUS_labelerexp,at://did:plc:lv5dhelpnord4qx47yz4fgpo/app.bsky.feed.post/3mfpsckznhc2p,68,35,2,7
28b4975a4b464c5ebc4384b8a119acf6,2026-02-26T12:00:00Z,2026-02-26T12:15:33Z,auth,auth_enUS_labelerexp,at://did:plc:oxqsksvaiizbmrcxwc6wv6e6/app.bsky.feed.post/3mfpq6s2g7c22,2,0,0,0
28b4975a4b464c5ebc4384b8a119acf6,2026-02-26T12:00:00Z,2026-02-26T12:15:33Z,auth,auth_enUS_labelerexp,at://did:plc:r7rigortz74dxlzq7sk2dqe3/app.bsky.feed.post/3mfpptasf2l2p,4,1,0,0
28b4975a4b464c5ebc4384b8a119acf6,2026-02-26T12:00:00Z,2026-02-26T12:15:33Z,auth,auth_enUS_labelerexp,at://did:plc:e32hmdwtdgzdddra4qosprsw/app.bsky.feed.post/3mfpolv26os2a,0,0,0,0
28b4975a4b464c5ebc4384b8a119acf6,2026-02-26T12:00:00Z,2026-02-26T12:15:33Z,auth,auth_enUS_labelerexp,at://did:plc:2xisupj43xdq7uvffzigis5p/app.bsky.feed.post/3mfpofmevgn2a,66,16,0,2
28b4975a4b464c5ebc4384b8a119acf6,2026-02-26T12:00:00Z,2026-02-26T12:15:33Z,auth,auth_enUS_labelerexp,at://did:plc:kqywjzp7tszpxhb3p36o2dy2/app.bsky.feed.post/3mfpnenvyoj2x,6,0,0,0
28b4975a4b464c5ebc4384b8a119acf6,2026-02-26T12:00:00Z,2026-02-26T12:15:33Z,auth,auth_enUS_labelerexp,at://did:plc:cmdcevlvm4blpuikfvhjqyd7/app.bsky.feed.post/3mfpmjk7oxi2i,0,0,0,0
28b4975a4b464c5ebc4384b8a119acf6,2026-02-26T12:00:00Z,2026-02-26T12:15:33Z,auth,auth_enUS_labelerexp,at://did:plc:2xisupj43xdq7uvffzigis5p/app.bsky.feed.post/3mfpiy37zrm2u,16,8,0,0
28b4975a4b464c5ebc4384b8a119acf6,2026-02-26T12:00:00Z,2026-02-26T12:15:33Z,auth,auth_enUS_labelerexp,at://did:plc:t7trxne5rpgam5asmxg75cgu/app.bsky.feed.post/3mfpiwelhfs2n,2,1,0,0
28b4975a4b464c5ebc4384b8a119acf6,2026-02-26T12:00:00Z,2026-02-26T12:15:33Z,auth,auth_enUS_labelerexp,at://did:plc:t7trxne5rpgam5asmxg75cgu/app.bsky.feed.post/3mfpisxbop22n,2,0,0,0
28b4975a4b464c5ebc4384b8a119acf6,2026-02-26T12:00:00Z,2026-02-26T12:15:33Z,auth,auth_enUS_labelerexp,at://did:plc:t7trxne5rpgam5asmxg75cgu/app.bsky.feed.post/3mfpiqopvt22n,4,0,0,1
28b4975a4b464c5ebc4384b8a119acf6,2026-02-26T12:00:00Z,2026-02-26T12:15:33Z,auth,auth_enUS_labelerexp,at://did:plc:euam3olefatfyjtsbkvpo4ul/app.bsky.feed.post/3mfphssi4hk2f,1,0,0,0
28b4975a4b464c5ebc4384b8a119acf6,2026-02-26T12:00:00Z,2026-02-26T12:15:33Z,auth,auth_enUS_labelerexp,at://did:plc:huzgjcpaahjmce5fr6j2t32c/app.bsky.feed.post/3mfpgrcog3s2r,0,0,0,0
28b4975a4b464c5ebc4384b8a119acf6,2026-02-26T12:00:00Z,2026-02-26T12:15:33Z,auth,auth_enUS_labelerexp,at://did:plc:r7rigortz74dxlzq7sk2dqe3/app.bsky.feed.post/3mfpfpmfc5l2g,1,0,0,0
28b4975a4b464c5ebc4384b8a119acf6,2026-02-26T12:00:00Z,2026-02-26T12:15:33Z,auth,auth_enUS_labelerexp,at://did:plc:t7trxne5rpgam5asmxg75cgu/app.bsky.feed.post/3mfpeq4x4ws24,5,0,0,0
28b4975a4b464c5ebc4384b8a119acf6,2026-02-26T12:00:00Z,2026-02-26T12:15:33Z,auth,auth_enUS_labelerexp,at://did:plc:t7trxne5rpgam5asmxg75cgu/app.bsky.feed.post/3mfpemdziss24,0,0,1,0
28b4975a4b464c5ebc4384b8a119acf6,2026-02-26T12:00:00Z,2026-02-26T12:15:33Z,auth,auth_enUS_labelerexp,at://did:plc:2xisupj43xdq7uvffzigis5p/app.bsky.feed.post/3mfpbkcgqmu2a,92,18,0,0
28b4975a4b464c5ebc4384b8a119acf6,2026-02-26T12:00:00Z,2026-02-26T12:15:33Z,auth,auth_enUS_labelerexp,at://did:plc:i26onv74mbbr5sktwbddkvtw/app.bsky.feed.post/3mfpagjcfy22t,3,0,0,0
28b4975a4b464c5ebc4384b8a119acf6,2026-02-26T12:00:00Z,2026-02-26T12:15:33Z,auth,auth_enUS_labelerexp,at://did:plc:i26onv74mbbr5sktwbddkvtw/app.bsky.feed.post/3mfpagjcfy22t,3,0,0,0
28b4975a4b464c5ebc4384b8a119acf6,2026-02-26T12:00:00Z,2026-02-26T12:15:33Z,auth,auth_enUS_labelerexp,at://did:plc:r7rigortz74dxlzq7sk2dqe3/app.bsky.feed.post/3mfp6hcqauv2g,0,0,1,0
28b4975a4b464c5ebc4384b8a119acf6,2026-02-26T12:00:00Z,2026-02-26T12:15:33Z,auth,auth_enUS_labelerexp,at://did:plc:adibdwhbirwo5aujvrc3uayn/app.bsky.feed.post/3mfp64ndshh23,2,0,0,0
28b4975a4b464c5ebc4384b8a119acf6,2026-02-26T12:00:00Z,2026-02-26T12:15:33Z,auth,auth_enUS_labelerexp,at://did:plc:adck7wpgwnp2q4yg5oipiow6/app.bsky.feed.post/3mfp5tkta5t2v,1,0,0,0
28b4975a4b464c5ebc4384b8a119acf6,2026-02-26T12:00:00Z,2026-02-26T12:15:33Z,auth,auth_enUS_labelerexp,at://did:plc:hhcew23memljzpaitdpt3uro/app.bsky.feed.post/3mfp4h4onwc2a,6,2,0,0
28b4975a4b464c5ebc4384b8a119acf6,2026-02-26T12:00:00Z,2026-02-26T12:15:33Z,auth,auth_enUS_labelerexp,at://did:plc:xlg3n6wnpwhirrtqm7e7gbpl/app.bsky.feed.post/3mfp4gctuvc2o,41,7,1,0
28b4975a4b464c5ebc4384b8a119acf6,2026-02-26T12:00:00Z,2026-02-26T12:15:33Z,auth,auth_enUS_labelerexp,at://did:plc:xlg3n6wnpwhirrtqm7e7gbpl/app.bsky.feed.post/3mfp4gctuvc2o,41,7,1,0
28b4975a4b464c5ebc4384b8a119acf6,2026-02-26T12:00:00Z,2026-02-26T12:15:33Z,auth,auth_enUS_labelerexp,at://did:plc:xlg3n6wnpwhirrtqm7e7gbpl/app.bsky.feed.post/3mfp4gctuvc2o,41,7,1,0
28b4975a4b464c5ebc4384b8a119acf6,2026-02-26T12:00:00Z,2026-02-26T12:15:33Z,auth,auth_enUS_labelerexp,at://did:plc:xlg3n6wnpwhirrtqm7e7gbpl/app.bsky.feed.post/3mfp4gctuvc2o,41,7,1,0
28b4975a4b464c5ebc4384b8a119acf6,2026-02-26T12:00:00Z,2026-02-26T12:15:33Z,auth,auth_enUS_labelerexp,at://did:plc:t7trxne5rpgam5asmxg75cgu/app.bsky.feed.post/3mfp3dkpuic2c,0,0,0,0
28b4975a4b464c5ebc4384b8a119acf6,2026-02-26T12:00:00Z,2026-02-26T12:15:33Z,auth,auth_enUS_labelerexp,at://did:plc:2xisupj43xdq7uvffzigis5p/app.bsky.feed.post/3mfp2pvbn252i,455,95,6,4
28b4975a4b464c5ebc4384b8a119acf6,2026-02-26T12:00:00Z,2026-02-26T12:15:33Z,auth,auth_enUS_labelerexp,at://did:plc:b3325ofd6suxukftzwbnjlyt/app.bsky.feed.post/3mfp2ptjfvk2n,17,2,1,2
28b4975a4b464c5ebc4384b8a119acf6,2026-02-26T12:00:00Z,2026-02-26T12:15:33Z,auth,auth_enUS_labelerexp,at://did:plc:b3325ofd6suxukftzwbnjlyt/app.bsky.feed.post/3mfp2nnza322n,19,3,1,0
28b4975a4b464c5ebc4384b8a119acf6,2026-02-26T12:00:00Z,2026-02-26T12:15:33Z,auth,auth_enUS_labelerexp,at://did:plc:kohw3xsd6x6dsjzbr24ls2wt/app.bsky.feed.post/3mfp2kg37gh2k,4,3,0,0
28b4975a4b464c5ebc4384b8a119acf6,2026-02-26T12:00:00Z,2026-02-26T12:15:33Z,auth,auth_enUS_labelerexp,at://did:plc:gku2tqmd6x2gcxs6iyqrzlnz/app.bsky.feed.post/3mfp23tn5rm2s,15,3,0,0
28b4975a4b464c5ebc4384b8a119acf6,2026-02-26T12:00:00Z,2026-02-26T12:15:33Z,auth,auth_enUS_labelerexp,at://did:plc:4glts6q2pwykgdyhqifr2jvd/app.bsky.feed.post/3mfozomzzam2k,2,1,0,0
28b4975a4b464c5ebc4384b8a119acf6,2026-02-26T12:00:00Z,2026-02-26T12:15:33Z,auth,auth_enUS_labelerexp,at://did:plc:r7rigortz74dxlzq7sk2dqe3/app.bsky.feed.post/3mfoxl7t56o2c,0,0,0,0
28b4975a4b464c5ebc4384b8a119acf6,2026-02-26T12:00:00Z,2026-02-26T12:15:33Z,auth,auth_enUS_labelerexp,at://did:plc:zdvcvjha5cligdempsaodgbq/app.bsky.feed.post/3mfowtq6mic2h,21,5,1,0
28b4975a4b464c5ebc4384b8a119acf6,2026-02-26T12:00:00Z,2026-02-26T12:15:33Z,auth,auth_enUS_labelerexp,at://did:plc:6435lftcmpvxasbkrtsw22i7/app.bsky.feed.post/3mfowjw4tpk2t,55,22,2,1
28b4975a4b464c5ebc4384b8a119acf6,2026-02-26T12:00:00Z,2026-02-26T12:15:33Z,auth,auth_enUS_labelerexp,at://did:plc:6435lftcmpvxasbkrtsw22i7/app.bsky.feed.post/3mfowjw4tpk2t,55,22,2,1
28b4975a4b464c5ebc4384b8a119acf6,2026-02-26T12:00:00Z,2026-02-26T12:15:33Z,auth,auth_enUS_labelerexp,at://did:plc:2xisupj43xdq7uvffzigis5p/app.bsky.feed.post/3mfowctpm4x2a,61,16,2,1
28b4975a4b464c5ebc4384b8a119acf6,2026-02-26T12:00:00Z,2026-02-26T12:15:33Z,auth,auth_enUS_labelerexp,at://did:plc:tv6qgi3banvvhoqtd4njnzem/app.bsky.feed.post/3mfovhjmops2o,1,0,0,0
28b4975a4b464c5ebc4384b8a119acf6,2026-02-26T12:00:00Z,2026-02-26T12:15:33Z,auth,auth_enUS_labelerexp,at://did:plc:jxosup3p3hbvduxb4s4weob5/app.bsky.feed.post/3mfoulgwc6t23,0,1,0,0
28b4975a4b464c5ebc4384b8a119acf6,2026-02-26T12:00:00Z,2026-02-26T12:15:33Z,auth,auth_enUS_labelerexp,at://did:plc:jcoy7v3a2t4rcfdh6i4kza25/app.bsky.feed.post/3mfot7d5rq22y,37,11,2,0
28b4975a4b464c5ebc4384b8a119acf6,2026-02-26T12:00:00Z,2026-02-26T12:15:34Z,auth,auth_enUS_labelerexp,at://did:plc:nyz2ssqxd3g72lpmdrfrsc74/app.bsky.feed.post/3lgc57nllam2y,286,19,3,3
28b4975a4b464c5ebc4384b8a119acf6,2026-02-26T12:00:00Z,2026-02-26T12:15:34Z,auth,auth_enUS_labelerexp,at://did:plc:lbcp4fe5ljlee3cfmm7vmrht/app.bsky.feed.post/3mfr64ll4es26,0,0,0,0
28b4975a4b464c5ebc4384b8a119acf6,2026-02-26T12:00:00Z,2026-02-26T12:15:34Z,auth,auth_enUS_labelerexp,at://did:plc:r5zcobxml6y37tbqgssfqjpe/app.bsky.feed.post/3mfr5qrc3zk24,0,0,0,0
28b4975a4b464c5ebc4384b8a119acf6,2026-02-26T12:00:00Z,2026-02-26T12:15:34Z,auth,auth_enUS_labelerexp,at://did:plc:ecby3kqedqcz2ezxag3vnfyf/app.bsky.feed.post/3mfr5q5jvkk2b,0,0,1,0
28b4975a4b464c5ebc4384b8a119acf6,2026-02-26T12:00:00Z,2026-02-26T12:15:34Z,auth,auth_enUS_labelerexp,at://did:plc:jlh7vgcxi5joydywqldvpjfa/app.bsky.feed.post/3mfr5lmsmf22r,4,0,0,0
28b4975a4b464c5ebc4384b8a119acf6,2026-02-26T12:00:00Z,2026-02-26T12:15:34Z,auth,auth_enUS_labelerexp,at://did:plc:z4j3sbs2igeh2wckvxwydoeb/app.bsky.feed.post/3mfr5ie3a6a2x,0,0,0,0
28b4975a4b464c5ebc4384b8a119acf6,2026-02-26T12:00:00Z,2026-02-26T12:15:34Z,auth,auth_enUS_labelerexp,at://did:plc:4i257d4kttcuwtfips5qfjf7/app.bsky.feed.post/3mfr5fwygqk27,14,1,1,0
28b4975a4b464c5ebc4384b8a119acf6,2026-02-26T12:00:00Z,2026-02-26T12:15:34Z,auth,auth_enUS_labelerexp,at://did:plc:zp4vu5nosjuw6xbh72it4s7b/app.bsky.feed.post/3mfr52hbnn22n,0,0,0,0
28b4975a4b464c5ebc4384b8a119acf6,2026-02-26T12:00:00Z,2026-02-26T12:15:34Z,auth,auth_enUS_labelerexp,at://did:plc:w2cjwugg5hrxjftymyomqclo/app.bsky.feed.post/3mfr4z45wbc2s,2,1,1,0
28b4975a4b464c5ebc4384b8a119acf6,2026-02-26T12:00:00Z,2026-02-26T12:15:34Z,auth,auth_enUS_labelerexp,at://did:plc:bqw4i2ys6yhweecn5evtbrcy/app.bsky.feed.post/3mfr4v4z53s2o,1,0,0,0
28b4975a4b464c5ebc4384b8a119acf6,2026-02-26T12:00:00Z,2026-02-26T12:15:34Z,auth,auth_enUS_labelerexp,at://did:plc:hbtdrx6ij3fdieijylryvjct/app.bsky.feed.post/3mfr4jxkitq2h,0,0,0,0
28b4975a4b464c5ebc4384b8a119acf6,2026-02-26T12:00:00Z,2026-02-26T12:15:34Z,auth,auth_enUS_labelerexp,at://did:plc:o32lowdds5ugiv77gi6fsev6/app.bsky.feed.post/3mfr4gul3k22y,1,1,0,0
28b4975a4b464c5ebc4384b8a119acf6,2026-02-26T12:00:00Z,2026-02-26T12:15:34Z,auth,auth_enUS_labelerexp,at://did:plc:lcphf3zyucleozttticumi3d/app.bsky.feed.post/3mfr4aad5qk2y,3,0,0,0
28b4975a4b464c5ebc4384b8a119acf6,2026-02-26T12:00:00Z,2026-02-26T12:15:34Z,auth,auth_enUS_labelerexp,at://did:plc:q4rmnad5puy5du6ispf653qg/app.bsky.feed.post/3mfr46okb3k2h,0,0,0,0
28b4975a4b464c5ebc4384b8a119acf6,2026-02-26T12:00:00Z,2026-02-26T12:15:34Z,auth,auth_enUS_labelerexp,at://did:plc:27eelluttr4wulpfvj4ajwl3/app.bsky.feed.post/3mfr3yg3crc2t,2,1,0,0
28b4975a4b464c5ebc4384b8a119acf6,2026-02-26T12:00:00Z,2026-02-26T12:15:34Z,auth,auth_enUS_labelerexp,at://did:plc:5ahy7ucigncv5sjkndrdla7z/app.bsky.feed.post/3mfr3twj53s2f,0,0,0,0
28b4975a4b464c5ebc4384b8a119acf6,2026-02-26T12:00:00Z,2026-02-26T12:15:34Z,auth,auth_enUS_labelerexp,at://did:plc:gtwlzsakzykcnvglkmq6wuyj/app.bsky.feed.post/3mfr3pjfbbs2g,0,0,1,0
28b4975a4b464c5ebc4384b8a119acf6,2026-02-26T12:00:00Z,2026-02-26T12:15:34Z,auth,auth_enUS_labelerexp,at://did:plc:ajqbjzmssqfx3i3pr444feja/app.bsky.feed.post/3mfr3dvcwe22l,0,0,0,0
28b4975a4b464c5ebc4384b8a119acf6,2026-02-26T12:00:00Z,2026-02-26T12:15:34Z,auth,auth_enUS_labelerexp,at://did:plc:nukx7dygwrwlc4gruxyenhyi/app.bsky.feed.post/3mfr3bwubd22v,0,0,0,0
28b4975a4b464c5ebc4384b8a119acf6,2026-02-26T12:00:00Z,2026-02-26T12:15:34Z,auth,auth_enUS_labelerexp,at://did:plc:cgavddndi5tcnw3xskmp2y5m/app.bsky.feed.post/3mfr3bpca7c2m,0,0,0,0
28b4975a4b464c5ebc4384b8a119acf6,2026-02-26T12:00:00Z,2026-02-26T12:15:34Z,auth,auth_enUS_labelerexp,at://did:plc:adwxnrd3wbbxn2w2jfogabew/app.bsky.feed.post/3mfr352yto22d,0,0,0,0
28b4975a4b464c5ebc4384b8a119acf6,2026-02-26T12:00:00Z,2026-02-26T12:15:34Z,auth,auth_enUS_labelerexp,at://did:plc:6b5pphxdcwb4blgswjgitgwe/app.bsky.feed.post/3mfr2nnupsc2t,0,0,0,0
28b4975a4b464c5ebc4384b8a119acf6,2026-02-26T12:00:00Z,2026-02-26T12:15:34Z,auth,auth_enUS_labelerexp,at://did:plc:u6ajzyiqzkzbppp2x2y7fpfu/app.bsky.feed.post/3mfr25rkibc2c,25,4,0,0
28b4975a4b464c5ebc4384b8a119acf6,2026-02-26T12:00:00Z,2026-02-26T12:15:34Z,auth,auth_enUS_labelerexp,at://did:plc:himqkxe53fwf2esdudtilond/app.bsky.feed.post/3mfqyx4tdxs2c,3,1,0,0
28b4975a4b464c5ebc4384b8a119acf6,2026-02-26T12:00:00Z,2026-02-26T12:15:34Z,auth,auth_enUS_labelerexp,at://did:plc:zzz6v64im5yupo325l2gqudf/app.bsky.feed.post/3mfqynjscm22d,1,1,1,0
28b4975a4b464c5ebc4384b8a119acf6,2026-02-26T12:00:00Z,2026-02-26T12:15:34Z,auth,auth_enUS_labelerexp,at://did:plc:ir5s5b5jop4zsjpunmi6yhu5/app.bsky.feed.post/3mfqylcilxc2l,0,0,1,0
28b4975a4b464c5ebc4384b8a119acf6,2026-02-26T12:00:00Z,2026-02-26T12:15:34Z,auth,auth_enUS_labelerexp,at://did:plc:mjimlphzcxdrbtacinbbd363/app.bsky.feed.post/3mfqxr5kses2q,1,0,0,0
28b4975a4b464c5ebc4384b8a119acf6,2026-02-26T12:00:00Z,2026-02-26T12:15:34Z,auth,auth_enUS_labelerexp,at://did:plc:d6hgtena453f3tpskdrprvyr/app.bsky.feed.post/3mfqxqp4dkc23,2,0,4,0
28b4975a4b464c5ebc4384b8a119acf6,2026-02-26T12:00:00Z,2026-02-26T12:15:34Z,auth,auth_enUS_labelerexp,at://did:plc:fnk374dmngdjdwtmjyrjdgi2/app.bsky.feed.post/3mfqxhtdnjc2c,7,0,0,0
28b4975a4b464c5ebc4384b8a119acf6,2026-02-26T12:00:00Z,2026-02-26T12:15:34Z,auth,auth_enUS_labelerexp,at://did:plc:jldwyrazfdid3c7qyxq2eyyf/app.bsky.feed.post/3mfqxeozw5c23,0,0,0,0
28b4975a4b464c5ebc4384b8a119acf6,2026-02-26T12:00:00Z,2026-02-26T12:15:34Z,auth,auth_enUS_labelerexp,at://did:plc:hsrog7meovubj674jsd25qfg/app.bsky.feed.post/3mfqwof7mi22o,2,0,0,0
28b4975a4b464c5ebc4384b8a119acf6,2026-02-26T12:00:00Z,2026-02-26T12:15:34Z,auth,auth_enUS_labelerexp,at://did:plc:bhv7f53bokltsizpdwfupzkk/app.bsky.feed.post/3mfqwi2qx3s2s,1,0,0,0
28b4975a4b464c5ebc4384b8a119acf6,2026-02-26T12:00:00Z,2026-02-26T12:15:34Z,auth,auth_enUS_labelerexp,at://did:plc:wd5pkzkhzxhm5xonmcadj7yn/app.bsky.feed.post/3mfqwfmjjps2e,1,0,0,0
28b4975a4b464c5ebc4384b8a119acf6,2026-02-26T12:00:00Z,2026-02-26T12:15:34Z,auth,auth_enUS_labelerexp,at://did:plc:aqoglelfbkjs5zoobu3nlyhk/app.bsky.feed.post/3mfqw7cymic2x,1,1,0,0
28b4975a4b464c5ebc4384b8a119acf6,2026-02-26T12:00:00Z,2026-02-26T12:15:34Z,auth,auth_enUS_labelerexp,at://did:plc:drhjjfrozftmeoldhxniydyu/app.bsky.feed.post/3mfqvq76uhs24,0,0,0,0
28b4975a4b464c5ebc4384b8a119acf6,2026-02-26T12:00:00Z,2026-02-26T12:15:34Z,auth,auth_enUS_labelerexp,at://did:plc:euvn366qlj5yxytxh5w3nuih/app.bsky.feed.post/3mfqvkwedmc2s,0,0,1,0
28b4975a4b464c5ebc4384b8a119acf6,2026-02-26T12:00:00Z,2026-02-26T12:15:34Z,auth,auth_enUS_labelerexp,at://did:plc:kr6snop4oaz3xj2ln4ihhhjr/app.bsky.feed.post/3mfqv45dxe22t,39,2,2,0
28b4975a4b464c5ebc4384b8a119acf6,2026-02-26T12:00:00Z,2026-02-26T12:15:34Z,auth,auth_enUS_labelerexp,at://did:plc:ohgbjncpbae7bhfcombbd6uk/app.bsky.feed.post/3mfqukukvkc2a,1,1,2,1
28b4975a4b464c5ebc4384b8a119acf6,2026-02-26T12:00:00Z,2026-02-26T12:15:34Z,auth,auth_enUS_labelerexp,at://did:plc:y4mxf23vpzfn3gfa7wog2bqn/app.bsky.feed.post/3mfquij4pnc2v,0,0,0,0
28b4975a4b464c5ebc4384b8a119acf6,2026-02-26T12:00:00Z,2026-02-26T12:15:34Z,auth,auth_enUS_labelerexp,at://did:plc:nyz2ssqxd3g72lpmdrfrsc74/app.bsky.feed.post/3mdvbrzcmes2e,18,3,0,1
28b4975a4b464c5ebc4384b8a119acf6,2026-02-26T12:00:00Z,2026-02-26T12:15:34Z,auth,auth_enUS_labelerexp,at://did:plc:rfenfgehvx2cuyu7memmmaio/app.bsky.feed.post/3mfqtyozeo22r,1,0,1,0
28b4975a4b464c5ebc4384b8a119acf6,2026-02-26T12:00:00Z,2026-02-26T12:15:34Z,auth,auth_enUS_labelerexp,at://did:plc:ivdfo3f567i5r5pdwdkopcit/app.bsky.feed.post/3mfqtyh6q5s2r,9,0,0,0
28b4975a4b464c5ebc4384b8a119acf6,2026-02-26T12:00:00Z,2026-02-26T12:15:34Z,auth,auth_enUS_labelerexp,at://did:plc:vlfudrrobu7ha3vlxh52v5g2/app.bsky.feed.post/3mfqtq5vey22t,8,0,2,2
28b4975a4b464c5ebc4384b8a119acf6,2026-02-26T12:00:00Z,2026-02-26T12:15:34Z,auth,auth_enUS_labelerexp,at://did:plc:ziqj3fnxmqazkbumtkon4kpx/app.bsky.feed.post/3mfqtp4jh5k2b,0,0,1,0
28b4975a4b464c5ebc4384b8a119acf6,2026-02-26T12:00:00Z,2026-02-26T12:15:34Z,auth,auth_enUS_labelerexp,at://did:plc:tdoa7vfm3dkkem63vddtcakl/app.bsky.feed.post/3mfqtb6s5ek2x,2,0,0,0
28b4975a4b464c5ebc4384b8a119acf6,2026-02-26T12:00:00Z,2026-02-26T12:15:34Z,auth,auth_enUS_labelerexp,at://did:plc:rovmfuhyqy7zrxalfkh6ff2n/app.bsky.feed.post/3mfqt7nkbn22j,7,1,2,0
28b4975a4b464c5ebc4384b8a119acf6,2026-02-26T12:00:00Z,2026-02-26T12:15:34Z,auth,auth_enUS_labelerexp,at://did:plc:t44mxy2g5qigfqnnfmqslgse/app.bsky.feed.post/3mfqsxi5xgk2z,17,8,1,1
28b4975a4b464c5ebc4384b8a119acf6,2026-02-26T12:00:00Z,2026-02-26T12:15:34Z,auth,auth_enUS_labelerexp,at://did:plc:7fe7yiqogly7n7ruynmotcqt/app.bsky.feed.post/3mfqsl6gpnk2a,3,0,0,0
28b4975a4b464c5ebc4384b8a119acf6,2026-02-26T12:00:00Z,2026-02-26T12:15:34Z,auth,auth_enUS_labelerexp,at://did:plc:niz3gynnf5njbqyko2h7l7gy/app.bsky.feed.post/3mfqret72c22p,0,1,3,0
28b4975a4b464c5ebc4384b8a119acf6,2026-02-26T12:00:00Z,2026-02-26T12:15:34Z,auth,auth_enUS_labelerexp,at://did:plc:mqwgnojxow526foqagxb46mb/app.bsky.feed.post/3mfqrbgdues2o,0,0,0,0
28b4975a4b464c5ebc4384b8a119acf6,2026-02-26T12:00:00Z,2026-02-26T12:15:36Z,auth,auth_enUS_labelerexp,at://did:plc:ejlrm7bzpo53ssptj2oj2ljd/app.bsky.feed.post/3mfq3luhci22w,759,160,16,1
28b4975a4b464c5ebc4384b8a119acf6,2026-02-26T12:00:00Z,2026-02-26T12:15:36Z,auth,auth_enUS_labelerexp,at://did:plc:v2cazyymqxrpmj5rb3jumqmy/app.bsky.feed.post/3mfpxks4nk226,667,202,4,0
28b4975a4b464c5ebc4384b8a119acf6,2026-02-26T12:00:00Z,2026-02-26T12:15:36Z,auth,auth_enUS_labelerexp,at://did:plc:g6t7lri7yjdqr2t2ux7sxmwx/app.bsky.feed.post/3mfq7sdow422e,706,143,2,0
28b4975a4b464c5ebc4384b8a119acf6,2026-02-26T12:00:00Z,2026-02-26T12:15:36Z,auth,auth_enUS_labelerexp,at://did:plc:kxojr7pw5afqibihqmgugj57/app.bsky.feed.post/3mfpxrrbs5c2i,544,125,4,0
28b4975a4b464c5ebc4384b8a119acf6,2026-02-26T12:00:00Z,2026-02-26T12:15:36Z,auth,auth_enUS_labelerexp,at://did:plc:fkfdjqrqugj6ceo7fx4vcpun/app.bsky.feed.post/3mfq7szzkbc2z,334,53,1,0
28b4975a4b464c5ebc4384b8a119acf6,2026-02-26T12:00:00Z,2026-02-26T12:15:36Z,auth,auth_enUS_labelerexp,at://did:plc:6vew3qq5s3cwfu3gypyeq563/app.bsky.feed.post/3mfq37emxjs2z,453,78,2,0
28b4975a4b464c5ebc4384b8a119acf6,2026-02-26T12:00:00Z,2026-02-26T12:15:36Z,auth,auth_enUS_labelerexp,at://did:plc:n27mx775abqfpnxugztgyhep/app.bsky.feed.post/3mfpxi6txz226,196,23,3,0
28b4975a4b464c5ebc4384b8a119acf6,2026-02-26T12:00:00Z,2026-02-26T12:15:36Z,auth,auth_enUS_labelerexp,at://did:plc:tw7aoggga6r46kfgpaqshoim/app.bsky.feed.post/3mfq2ao2s4k23,215,82,0,0
28b4975a4b464c5ebc4384b8a119acf6,2026-02-26T12:00:00Z,2026-02-26T12:15:36Z,auth,auth_enUS_labelerexp,at://did:plc:26e3nkvve3azmjrbqf73524m/app.bsky.feed.post/3mfqlmrvqis2v,569,47,15,4
28b4975a4b464c5ebc4384b8a119acf6,2026-02-26T12:00:00Z,2026-02-26T12:15:36Z,auth,auth_enUS_labelerexp,at://did:plc:5omdglnnfnuhsnh43jnf6lwq/app.bsky.feed.post/3mfq6n6cx5s2y,414,96,23,0
28b4975a4b464c5ebc4384b8a119acf6,2026-02-26T12:00:00Z,2026-02-26T12:15:36Z,auth,auth_enUS_labelerexp,at://did:plc:spofqjqvslmvkegcubb3jggt/app.bsky.feed.post/3mfq5nfm7tc2o,335,66,11,0
28b4975a4b464c5ebc4384b8a119acf6,2026-02-26T12:00:00Z,2026-02-26T12:15:36Z,auth,auth_enUS_labelerexp,at://did:plc:lvszt6bxcrhhu4z2w7hjht5q/app.bsky.feed.post/3mfpyo5uaxc22,324,84,2,0
28b4975a4b464c5ebc4384b8a119acf6,2026-02-26T12:00:00Z,2026-02-26T12:15:36Z,auth,auth_enUS_labelerexp,at://did:plc:kor7exwslvsqymo5txev4hex/app.bsky.feed.post/3mfpwkihcwk2n,226,44,9,0
28b4975a4b464c5ebc4384b8a119acf6,2026-02-26T12:00:00Z,2026-02-26T12:15:36Z,auth,auth_enUS_labelerexp,at://did:plc:rysel6my4o2lkcsqwmwspjgx/app.bsky.feed.post/3mfq2aiqor22k,162,52,3,0
28b4975a4b464c5ebc4384b8a119acf6,2026-02-26T12:00:00Z,2026-02-26T12:15:36Z,auth,auth_enUS_labelerexp,at://did:plc:iebt2bn352cak5vpbxeyfbo2/app.bsky.feed.post/3mfpy7ujjfg2c,152,39,3,0
28b4975a4b464c5ebc4384b8a119acf6,2026-02-26T12:00:00Z,2026-02-26T12:15:36Z,auth,auth_enUS_labelerexp,at://did:plc:lrpdr4j2fboipfdizblxpm3k/app.bsky.feed.post/3mfq3bvnt7k2s,246,46,10,0
28b4975a4b464c5ebc4384b8a119acf6,2026-02-26T12:00:00Z,2026-02-26T12:15:36Z,auth,auth_enUS_labelerexp,at://did:plc:i2bu36ovwbdlzfelxuky7sl2/app.bsky.feed.post/3mfq26ykyrk2v,114,33,0,0
28b4975a4b464c5ebc4384b8a119acf6,2026-02-26T12:00:00Z,2026-02-26T12:15:36Z,auth,auth_enUS_labelerexp,at://did:plc:2dzi6mgurtthv7gcrhba3645/app.bsky.feed.post/3mfqkybiaps2e,196,15,5,0
28b4975a4b464c5ebc4384b8a119acf6,2026-02-26T12:00:00Z,2026-02-26T12:15:36Z,auth,auth_enUS_labelerexp,at://did:plc:hwccr2any4zvzzyx37s3zqao/app.bsky.feed.post/3mfqegdedcc2t,114,18,0,0
28b4975a4b464c5ebc4384b8a119acf6,2026-02-26T12:00:00Z,2026-02-26T12:15:36Z,auth,auth_enUS_labelerexp,at://did:plc:o5qee6hmzzncnbaxadnke7jo/app.bsky.feed.post/3mfpxiw7kuc25,129,38,2,0
28b4975a4b464c5ebc4384b8a119acf6,2026-02-26T12:00:00Z,2026-02-26T12:15:36Z,auth,auth_enUS_labelerexp,at://did:plc:tu4grsqguagvzsixwn3qsumb/app.bsky.feed.post/3mfqpbo65sc2d,217,87,4,1
28b4975a4b464c5ebc4384b8a119acf6,2026-02-26T12:00:00Z,2026-02-26T12:15:36Z,auth,auth_enUS_labelerexp,at://did:plc:n3w34i5xgjr6jlng7skanagp/app.bsky.feed.post/3mfq4oarkyk24,108,28,1,0
28b4975a4b464c5ebc4384b8a119acf6,2026-02-26T12:00:00Z,2026-02-26T12:15:36Z,auth,auth_enUS_labelerexp,at://did:plc:mh7tqcifr7czhsumvykriup3/app.bsky.feed.post/3mfqww4mma22i,114,39,3,0
28b4975a4b464c5ebc4384b8a119acf6,2026-02-26T12:00:00Z,2026-02-26T12:15:36Z,auth,auth_enUS_labelerexp,at://did:plc:4id3pjegkrostfl2u5xpllww/app.bsky.feed.post/3mfpw6y3xmk2f,93,28,1,0
28b4975a4b464c5ebc4384b8a119acf6,2026-02-26T12:00:00Z,2026-02-26T12:15:36Z,auth,auth_enUS_labelerexp,at://did:plc:wkmiuwdhl2dcpo2wxxolpgub/app.bsky.feed.post/3mfq2d3bkl22a,154,38,3,0
28b4975a4b464c5ebc4384b8a119acf6,2026-02-26T12:00:00Z,2026-02-26T12:15:36Z,auth,auth_enUS_labelerexp,at://did:plc:oemhzar63rassm2k3yzuve3i/app.bsky.feed.post/3mfq46ruxj226,90,19,0,0
28b4975a4b464c5ebc4384b8a119acf6,2026-02-26T12:00:00Z,2026-02-26T12:15:36Z,auth,auth_enUS_labelerexp,at://did:plc:bu3wlskru54i2aypslgha2eh/app.bsky.feed.post/3mfq4hjkfds2i,180,55,1,0
28b4975a4b464c5ebc4384b8a119acf6,2026-02-26T12:00:00Z,2026-02-26T12:15:36Z,auth,auth_enUS_labelerexp,at://did:plc:ao23vc7hqwvwmaf542654pqu/app.bsky.feed.post/3mfqmw3xbts23,225,45,3,0
28b4975a4b464c5ebc4384b8a119acf6,2026-02-26T12:00:00Z,2026-02-26T12:15:36Z,auth,auth_enUS_labelerexp,at://did:plc:3l56oft77zfxk5kdpr3hcqyh/app.bsky.feed.post/3mfq2c2vp4m27,99,14,3,0
28b4975a4b464c5ebc4384b8a119acf6,2026-02-26T12:00:00Z,2026-02-26T12:15:36Z,auth,auth_enUS_labelerexp,at://did:plc:5yfvltmeowztvshya5e7w5jo/app.bsky.feed.post/3mfqnr7vr2c2b,154,31,3,0
28b4975a4b464c5ebc4384b8a119acf6,2026-02-26T12:00:00Z,2026-02-26T12:15:36Z,auth,auth_enUS_labelerexp,at://did:plc:kxfmslb2pkknvy6y6mg3stc4/app.bsky.feed.post/3mfq52prm5c2s,172,78,6,0
28b4975a4b464c5ebc4384b8a119acf6,2026-02-26T12:00:00Z,2026-02-26T12:15:36Z,auth,auth_enUS_labelerexp,at://did:plc:yqvkmaaddgnkyys4mc7a5ll5/app.bsky.feed.post/3mfqg5itmvs25,121,40,6,0
28b4975a4b464c5ebc4384b8a119acf6,2026-02-26T12:00:00Z,2026-02-26T12:15:36Z,auth,auth_enUS_labelerexp,at://did:plc:nvfumlwit3pwynj5pplaow7s/app.bsky.feed.post/3mfq4emnjj22l,124,30,0,0
28b4975a4b464c5ebc4384b8a119acf6,2026-02-26T12:00:00Z,2026-02-26T12:15:36Z,auth,auth_enUS_labelerexp,at://did:plc:mvkmwjwdsa54mnmcdfrjgwmx/app.bsky.feed.post/3mfqd3h2yqc2l,150,38,1,0
28b4975a4b464c5ebc4384b8a119acf6,2026-02-26T12:00:00Z,2026-02-26T12:15:36Z,auth,auth_enUS_labelerexp,at://did:plc:rlzw25clxllhp7aoxdgh2bpn/app.bsky.feed.post/3mfpybavfxc2m,82,25,3,0
28b4975a4b464c5ebc4384b8a119acf6,2026-02-26T12:00:00Z,2026-02-26T12:15:36Z,auth,auth_enUS_labelerexp,at://did:plc:rfxigdv34b65s2ymlzd5f75m/app.bsky.feed.post/3mfqhbt3x7c2h,214,34,2,0
28b4975a4b464c5ebc4384b8a119acf6,2026-02-26T12:00:00Z,2026-02-26T12:15:36Z,auth,auth_enUS_labelerexp,at://did:plc:qbsau6rimyl3osulym54bceb/app.bsky.feed.post/3mfq3xawwoe2u,123,25,1,0
28b4975a4b464c5ebc4384b8a119acf6,2026-02-26T12:00:00Z,2026-02-26T12:15:36Z,auth,auth_enUS_labelerexp,at://did:plc:dvmqpaw6qrrtmdi3evyvzbuc/app.bsky.feed.post/3mfq3oh6dkk2f,117,11,2,1
28b4975a4b464c5ebc4384b8a119acf6,2026-02-26T12:00:00Z,2026-02-26T12:15:36Z,auth,auth_enUS_labelerexp,at://did:plc:56p3qcbrz5th7ebzvj4du6uj/app.bsky.feed.post/3mfqbhoevks27,86,19,3,0
28b4975a4b464c5ebc4384b8a119acf6,2026-02-26T12:00:00Z,2026-02-26T12:15:36Z,auth,auth_enUS_labelerexp,at://did:plc:i36m3e22srkko2bfeaumeh4n/app.bsky.feed.post/3mfqamd7vfs2j,98,24,5,0
28b4975a4b464c5ebc4384b8a119acf6,2026-02-26T12:00:00Z,2026-02-26T12:15:36Z,auth,auth_enUS_labelerexp,at://did:plc:u4rtaxmd4sqblor3r5gk3lfs/app.bsky.feed.post/3mfqmycgfvs2a,181,79,1,0
28b4975a4b464c5ebc4384b8a119acf6,2026-02-26T12:00:00Z,2026-02-26T12:15:36Z,auth,auth_enUS_labelerexp,at://did:plc:2nt4wkkmhqrhpj5wci6ifpgo/app.bsky.feed.post/3mfq45kuxxk2j,73,10,2,0
28b4975a4b464c5ebc4384b8a119acf6,2026-02-26T12:00:00Z,2026-02-26T12:15:36Z,auth,auth_enUS_labelerexp,at://did:plc:at2irh365bi7mgeif5etgxzc/app.bsky.feed.post/3mfq7a45kas23,68,16,0,0
28b4975a4b464c5ebc4384b8a119acf6,2026-02-26T12:00:00Z,2026-02-26T12:15:36Z,auth,auth_enUS_labelerexp,at://did:plc:btoqmzxuqvz2dlg6yrpx6pr7/app.bsky.feed.post/3mfpwtri4as27,102,17,1,0
28b4975a4b464c5ebc4384b8a119acf6,2026-02-26T12:00:00Z,2026-02-26T12:15:36Z,auth,auth_enUS_labelerexp,at://did:plc:ul5s4gppowm4bxnw4qer76uw/app.bsky.feed.post/3mfqdxjdxm226,73,23,4,0
28b4975a4b464c5ebc4384b8a119acf6,2026-02-26T12:00:00Z,2026-02-26T12:15:36Z,auth,auth_enUS_labelerexp,at://did:plc:aijdez4hqnvlgw7pyo7sgksx/app.bsky.feed.post/3mfpxi4w4jc24,61,5,1,0
28b4975a4b464c5ebc4384b8a119acf6,2026-02-26T12:00:00Z,2026-02-26T12:15:36Z,auth,auth_enUS_labelerexp,at://did:plc:epirplaf4vulwyiji2izfgpi/app.bsky.feed.post/3mfpw6gurwc2x,61,21,1,1
28b4975a4b464c5ebc4384b8a119acf6,2026-02-26T12:00:00Z,2026-02-26T12:15:36Z,auth,auth_enUS_labelerexp,at://did:plc:ecwfajtufk7wystjmajmzxa4/app.bsky.feed.post/3mfqx7e4qvs2i,123,54,3,0
28b4975a4b464c5ebc4384b8a119acf6,2026-02-26T12:00:00Z,2026-02-26T12:15:36Z,auth,auth_enUS_labelerexp,at://did:plc:6rv4ljtxc6cwjduk57bxxpfz/app.bsky.feed.post/3mfqjpaugnk2s,88,12,2,0
28b4975a4b464c5ebc4384b8a119acf6,2026-02-26T12:00:00Z,2026-02-26T12:15:36Z,auth,auth_enUS_labelerexp,at://did:plc:lqs3zy3ddbqj5mo52ie4plrz/app.bsky.feed.post/3mfq7oquznk2y,56,6,4,0
