run_id,snapshot_hour_utc,captured_at_utc,viewer_mode,vantage_id,post_uri,like_count,repost_count,reply_count,quote_count
677ede042caf48c384446ddbc6cc4a83,2026-03-01T13:00:00Z,2026-03-01T13:19:45Z,auth,auth_enUS_labelerexp,at://did:plc:2hwwem55ce6djnk6bn62cstr/app.bsky.feed.post/3m4jatdxays2e,553,42,1,3
677ede042caf48c384446ddbc6cc4a83,2026-03-01T13:00:00Z,2026-03-01T13:19:45Z,auth,auth_enUS_labelerexp,at://did:plc:xxp3ezfffovzckwptc7dqgxv/app.bsky.feed.post/3mfyt34nzdk2q,0,0,0,0
677ede042caf48c384446ddbc6cc4a83,2026-03-01T13:00:00Z,2026-03-01T13:19:45Z,auth,auth_enUS_labelerexp,at://did:plc:u5xnaafiwoxoawdsdjl4fa2u/app.bsky.feed.post/3mfysvvudoc2z,0,0,0,0
677ede042caf48c384446ddbc6cc4a83,2026-03-01T13:00:00Z,2026-03-01T13:19:45Z,auth,auth_enUS_labelerexp,at://did:plc:5jmyz2ws4u3dkx3a3oxx46rq/app.bsky.feed.post/3mfysucbapk2v,1,0,0,0
677ede042caf48c384446ddbc6cc4a83,2026-03-01T13:00:00Z,2026-03-01T13:19:45Z,auth,auth_enUS_labelerexp,at://did:plc:vg6r3ufl7sqfilt567dno6u5/app.bsky.feed.post/3mfysobzl722u,0,0,0,0
677ede042caf48c384446ddbc6cc4a83,2026-03-01T13:00:00Z,2026-03-01T13:19:45Z,auth,auth_enUS_labelerexp,at://did:plc:myxu6orprjquoijckon7od2o/app.bsky.feed.post/3mfysbcued72k,0,0,0,0
677ede042caf48c384446ddbc6cc4a83,2026-03-01T13:00:00Z,2026-03-01T13:19:45Z,auth,auth_enUS_labelerexp,at://did:plc:q3dyfuolfiahtnyrbjhef5ca/app.bsky.feed.post/3mfysao5ufb2w,1,0,0,0
677ede042caf48c384446ddbc6cc4a83,2026-03-01T13:00:00Z,2026-03-01T13:19:45Z,auth,auth_enUS_labelerexp,at://did:plc:kphsb6jts7ri735cwbpm5a5x/app.bsky.feed.post/3mfys4zi3lc2g,2,0,0,0
677ede042caf48c384446ddbc6cc4a83,2026-03-01T13:00:00Z,2026-03-01T13:19:45Z,auth,auth_enUS_labelerexp,at://did:plc:rvzf4mpbpz3f7xwpsyf4b66i/app.bsky.feed.post/3mfys4leifs2x,1,0,0,0
677ede042caf48c384446ddbc6cc4a83,2026-03-01T13:00:00Z,2026-03-01T13:19:45Z,auth,auth_enUS_labelerexp,at://did:plc:qdlujixsazqdubnv6pqs5s37/app.bsky.feed.post/3mfys4kntsc2b,1,0,1,0
677ede042caf48c384446ddbc6cc4a83,2026-03-01T13:00:00Z,2026-03-01T13:19:45Z,auth,auth_enUS_labelerexp,at://did:plc:f7b5s2bq7gd5nmpyhq43f6kt/app.bsky.feed.post/3mfys4fvxh223,0,0,0,0
677ede042caf48c384446ddbc6cc4a83,2026-03-01T13:00:00Z,2026-03-01T13:19:45Z,auth,auth_enUS_labelerexp,at://did:plc:tuscekukxnrvsqpy7mps4265/app.bsky.feed.post/3mfyrrvawfa2o,0,0,0,0
677ede042caf48c384446ddbc6cc4a83,2026-03-01T13:00:00Z,2026-03-01T13:19:45Z,auth,auth_enUS_labelerexp,at://did:plc:wjibq6da6l6fhlqe6potq34d/app.bsky.feed.post/3mfyroietvs2i,2,1,1,0
677ede042caf48c384446ddbc6cc4a83,2026-03-01T13:00:00Z,2026-03-01T13:19:45Z,auth,auth_enUS_labelerexp,at://did:plc:36asu4dx3agkfu72ukg4re46/app.bsky.feed.post/3mfyrksj4ls2o,1,0,0,0
677ede042caf48c384446ddbc6cc4a83,2026-03-01T13:00:00Z,2026-03-01T13:19:45Z,auth,auth_enUS_labelerexp,at://did:plc:dnilolmtvcn2vfq3o34op45k/app.bsky.feed.post/3mfyriogwh224,1,0,0,0
677ede042caf48c384446ddbc6cc4a83,2026-03-01T13:00:00Z,2026-03-01T13:19:45Z,auth,auth_enUS_labelerexp,at://did:plc:n5ad4nipxuxevhuujzck2zmn/app.bsky.feed.post/3mfyrcat7o22g,4,0,0,0
677ede042caf48c384446ddbc6cc4a83,2026-03-01T13:00:00Z,2026-03-01T13:19:45Z,auth,auth_enUS_labelerexp,at://did:plc:xel4srlpt6zbfme4wfsuhyay/app.bsky.feed.post/3mfyragj3t42d,1,0,0,0
677ede042caf48c384446ddbc6cc4a83,2026-03-01T13:00:00Z,2026-03-01T13:19:45Z,auth,auth_enUS_labelerexp,at://did:plc:omkb4ov5w2bintbbbb47lile/app.bsky.feed.post/3mfyr4wxlac2n,13,3,1,0
677ede042caf48c384446ddbc6cc4a83,2026-03-01T13:00:00Z,2026-03-01T13:19:45Z,auth,auth_enUS_labelerexp,at://did:plc:qgn4f7w5kqbxiuku6dfpgnvx/app.bsky.feed.post/3mfyqyudsck22,1,0,0,0
677ede042caf48c384446ddbc6cc4a83,2026-03-01T13:00:00Z,2026-03-01T13:19:45Z,auth,auth_enUS_labelerexp,at://did:plc:ofqfsjrllxxgtykajzwqdl2q/app.bsky.feed.post/3mfyqxpmezk23,8,1,0,0
677ede042caf48c384446ddbc6cc4a83,2026-03-01T13:00:00Z,2026-03-01T13:19:45Z,auth,auth_enUS_labelerexp,at://did:plc:vgedhbttn7xnbikvgxmepv2e/app.bsky.feed.post/3mfyqusxxp22j,1,0,0,1
677ede042caf48c384446ddbc6cc4a83,2026-03-01T13:00:00Z,2026-03-01T13:19:45Z,auth,auth_enUS_labelerexp,at://did:plc:al4dblcszorvupsuarrrfgwx/app.bsky.feed.post/3mfyqrbcszk2c,1,0,0,0
677ede042caf48c384446ddbc6cc4a83,2026-03-01T13:00:00Z,2026-03-01T13:19:45Z,auth,auth_enUS_labelerexp,at://did:plc:quqhog7b6acls2rl7ckdns56/app.bsky.feed.post/3mfyqhfw2bk24,3,1,0,0
677ede042caf48c384446ddbc6cc4a83,2026-03-01T13:00:00Z,2026-03-01T13:19:45Z,auth,auth_enUS_labelerexp,at://did:plc:vkbvvp6p2xis6lpmx4a2kguh/app.bsky.feed.post/3mfyq5sgba22i,1,0,0,0
677ede042caf48c384446ddbc6cc4a83,2026-03-01T13:00:00Z,2026-03-01T13:19:45Z,auth,auth_enUS_labelerexp,at://did:plc:fw6zhacrdhk7gmoza3cnsn34/app.bsky.feed.post/3mfyq5ool5k2j,2,0,0,0
677ede042caf48c384446ddbc6cc4a83,2026-03-01T13:00:00Z,2026-03-01T13:19:45Z,auth,auth_enUS_labelerexp,at://did:plc:7f7xzyi46ifsthn7ig2qzkq6/app.bsky.feed.post/3mfypzd4pwc2j,25,4,0,0
677ede042caf48c384446ddbc6cc4a83,2026-03-01T13:00:00Z,2026-03-01T13:19:45Z,auth,auth_enUS_labelerexp,at://did:plc:kzmukwaf72iwepygposicgt3/app.bsky.feed.post/3mfyrfkg5sy2w,0,0,0,0
677ede042caf48c384446ddbc6cc4a83,2026-03-01T13:00:00Z,2026-03-01T13:19:45Z,auth,auth_enUS_labelerexp,at://did:plc:7f7xzyi46ifsthn7ig2qzkq6/app.bsky.feed.post/3mfypvdwul22j,17,5,0,0
677ede042caf48c384446ddbc6cc4a83,2026-03-01T13:00:00Z,2026-03-01T13:19:45Z,auth,auth_enUS_labelerexp,at://did:plc:7f7xzyi46ifsthn7ig2qzkq6/app.bsky.feed.post/3mfypsaokxs2j,17,5,0,0
677ede042caf48c384446ddbc6cc4a83,2026-03-01T13:00:00Z,2026-03-01T13:19:45Z,auth,auth_enUS_labelerexp,at://did:plc:l4txvic5echjxeutz67uj54i/app.bsky.feed.post/3mfypqxygys2o,4,0,0,0
677ede042caf48c384446ddbc6cc4a83,2026-03-01T13:00:00Z,2026-03-01T13:19:45Z,auth,auth_enUS_labelerexp,at://did:plc:ttuujeq35byhnzibuzlqapfc/app.bsky.feed.post/3mfypinsqls2l,2,0,0,0
677ede042caf48c384446ddbc6cc4a83,2026-03-01T13:00:00Z,2026-03-01T13:19:45Z,auth,auth_enUS_labelerexp,at://did:plc:d2mu7ggufujgcmcv2sxqq3ey/app.bsky.feed.post/3mfyphr3pg22w,2,0,1,0
677ede042caf48c384446ddbc6cc4a83,2026-03-01T13:00:00Z,2026-03-01T13:19:45Z,auth,auth_enUS_labelerexp,at://did:plc:74kd34x5roxn5vqos5oymgih/app.bsky.feed.post/3mfypcjbuhc2v,1,0,0,0
677ede042caf48c384446ddbc6cc4a83,2026-03-01T13:00:00Z,2026-03-01T13:19:45Z,auth,auth_enUS_labelerexp,at://did:plc:b7w5f3vlpa4qvf452s4wmive/app.bsky.feed.post/3mfypcfhak62n,1,0,0,0
677ede042caf48c384446ddbc6cc4a83,2026-03-01T13:00:00Z,2026-03-01T13:19:45Z,auth,auth_enUS_labelerexp,at://did:plc:kzmukwaf72iwepygposicgt3/app.bsky.feed.post/3mfypydeogi2w,0,0,0,0
677ede042caf48c384446ddbc6cc4a83,2026-03-01T13:00:00Z,2026-03-01T13:19:45Z,auth,auth_enUS_labelerexp,at://did:plc:5bfvehe2nxyx76jtqw7z7s5s/app.bsky.feed.post/3mfyp7um7hs2z,0,0,0,0
677ede042caf48c384446ddbc6cc4a83,2026-03-01T13:00:00Z,2026-03-01T13:19:45Z,auth,auth_enUS_labelerexp,at://did:plc:ubzuhdxjwwjizqwbsc36pdtk/app.bsky.feed.post/3mfyp75icpk2p,4,0,0,0
677ede042caf48c384446ddbc6cc4a83,2026-03-01T13:00:00Z,2026-03-01T13:19:45Z,auth,auth_enUS_labelerexp,at://did:plc:bbpl4dzpadtep2hvfqf2siwp/app.bsky.feed.post/3mfyp5unv5r2y,1,0,0,0
677ede042caf48c384446ddbc6cc4a83,2026-03-01T13:00:00Z,2026-03-01T13:19:45Z,auth,auth_enUS_labelerexp,at://did:plc:oy7kw5slxoz6bpnydg2w6ldx/app.bsky.feed.post/3mfyp2e2anc2h,2,0,0,0
677ede042caf48c384446ddbc6cc4a83,2026-03-01T13:00:00Z,2026-03-01T13:19:45Z,auth,auth_enUS_labelerexp,at://did:plc:42han5exrxyrgdsbwosrp7sy/app.bsky.feed.post/3mfyozbpqsf2g,1,0,0,0
677ede042caf48c384446ddbc6cc4a83,2026-03-01T13:00:00Z,2026-03-01T13:19:45Z,auth,auth_enUS_labelerexp,at://did:plc:e7vcyw5robdulctazbq24c2f/app.bsky.feed.post/3mfyow5a7ss2a,8,3,2,0
677ede042caf48c384446ddbc6cc4a83,2026-03-01T13:00:00Z,2026-03-01T13:19:45Z,auth,auth_enUS_labelerexp,at://did:plc:q3dyfuolfiahtnyrbjhef5ca/app.bsky.feed.post/3mfyovdfqce2x,0,0,0,0
677ede042caf48c384446ddbc6cc4a83,2026-03-01T13:00:00Z,2026-03-01T13:19:45Z,auth,auth_enUS_labelerexp,at://did:plc:zntq5euaaopfolttow4hmnru/app.bsky.feed.post/3mfyorjj2bs2i,1,0,0,0
677ede042caf48c384446ddbc6cc4a83,2026-03-01T13:00:00Z,2026-03-01T13:19:45Z,auth,auth_enUS_labelerexp,at://did:plc:konm7w2zbjapwpzbulsfhuyp/app.bsky.feed.post/3mfyopwcaus23,3,1,0,0
677ede042caf48c384446ddbc6cc4a83,2026-03-01T13:00:00Z,2026-03-01T13:19:45Z,auth,auth_enUS_labelerexp,at://did:plc:zntq5euaaopfolttow4hmnru/app.bsky.feed.post/3mfyopofots2i,1,0,0,0
677ede042caf48c384446ddbc6cc4a83,2026-03-01T13:00:00Z,2026-03-01T13:19:45Z,auth,auth_enUS_labelerexp,at://did:plc:sckxvcj7rf3jdorrdtiwd5x7/app.bsky.feed.post/3mfyo2axpeh2h,0,0,0,0
677ede042caf48c384446ddbc6cc4a83,2026-03-01T13:00:00Z,2026-03-01T13:19:45Z,auth,auth_enUS_labelerexp,at://did:plc:rvzf4mpbpz3f7xwpsyf4b66i/app.bsky.feed.post/3mfynzhar622x,1,0,1,0
677ede042caf48c384446ddbc6cc4a83,2026-03-01T13:00:00Z,2026-03-01T13:19:45Z,auth,auth_enUS_labelerexp,at://did:plc:i3zbsz4h2mjybxozstw4oj76/app.bsky.feed.post/3mfynvyr7hs2k,2,0,0,0
677ede042caf48c384446ddbc6cc4a83,2026-03-01T13:00:00Z,2026-03-01T13:19:45Z,auth,auth_enUS_labelerexp,at://did:plc:xz4oshtgp55pxwf342gdg3uh/app.bsky.feed.post/3mfynvyagec23,3,0,0,0
677ede042caf48c384446ddbc6cc4a83,2026-03-01T13:00:00Z,2026-03-01T13:19:45Z,auth,auth_enUS_labelerexp,at://did:plc:4riibnxqtgwojroo7hnynmpz/app.bsky.feed.post/3mfynszd3zk27,2,0,1,0
677ede042caf48c384446ddbc6cc4a83,2026-03-01T13:00:00Z,2026-03-01T13:19:47Z,auth,auth_enUS_labelerexp,at://did:plc:oit44ylhamqxnr5vgsxwykuu/app.bsky.feed.post/3mfys34o4xs2b,0,0,0,0
677ede042caf48c384446ddbc6cc4a83,2026-03-01T13:00:00Z,2026-03-01T13:19:47Z,auth,auth_enUS_labelerexp,at://did:plc:nkmfs534oi4ezslvtriz55cr/app.bsky.feed.post/3mfyrvwdtls2k,2,0,0,0
677ede042caf48c384446ddbc6cc4a83,2026-03-01T13:00:00Z,2026-03-01T13:19:47Z,auth,auth_enUS_labelerexp,at://did:plc:mgje6ae5gyrpnjf4axk2sdtr/app.bsky.feed.post/3mfyrqtsq2c2g,1,0,0,0
677ede042caf48c384446ddbc6cc4a83,2026-03-01T13:00:00Z,2026-03-01T13:19:47Z,auth,auth_enUS_labelerexp,at://did:plc:u6jk3wud4gnftqzpgpmk6gn4/app.bsky.feed.post/3mfyrnubevcw2,0,0,0,0
677ede042caf48c384446ddbc6cc4a83,2026-03-01T13:00:00Z,2026-03-01T13:19:47Z,auth,auth_enUS_labelerexp,at://did:plc:cvhzp4oqk57twhhjji5o2b3t/app.bsky.feed.post/3mfyrgak2as2w,0,0,0,0
677ede042caf48c384446ddbc6cc4a83,2026-03-01T13:00:00Z,2026-03-01T13:19:47Z,auth,auth_enUS_labelerexp,at://did:plc:cvhzp4oqk57twhhjji5o2b3t/app.bsky.feed.post/3mfyrg3vnck2t,1,0,0,0
677ede042caf48c384446ddbc6cc4a83,2026-03-01T13:00:00Z,2026-03-01T13:19:47Z,auth,auth_enUS_labelerexp,at://did:plc:cvhzp4oqk57twhhjji5o2b3t/app.bsky.feed.post/3mfyrfxkqit2h,0,0,0,0
677ede042caf48c384446ddbc6cc4a83,2026-03-01T13:00:00Z,2026-03-01T13:19:47Z,auth,auth_enUS_labelerexp,at://did:plc:cvhzp4oqk57twhhjji5o2b3t/app.bsky.feed.post/3mfyrftc5ft2r,0,0,0,0
677ede042caf48c384446ddbc6cc4a83,2026-03-01T13:00:00Z,2026-03-01T13:19:47Z,auth,auth_enUS_labelerexp,at://did:plc:cvhzp4oqk57twhhjji5o2b3t/app.bsky.feed.post/3mfyrfor5vn2g,0,0,0,0
677ede042caf48c384446ddbc6cc4a83,2026-03-01T13:00:00Z,2026-03-01T13:19:47Z,auth,auth_enUS_labelerexp,at://did:plc:cvhzp4oqk57twhhjji5o2b3t/app.bsky.feed.post/3mfyrfkijo22t,0,0,0,0
677ede042caf48c384446ddbc6cc4a83,2026-03-01T13:00:00Z,2026-03-01T13:19:47Z,auth,auth_enUS_labelerexp,at://did:plc:frvaaaevhgi4ymsifcahwgoi/app.bsky.feed.post/3mfyreigqrc2d,0,0,1,0
677ede042caf48c384446ddbc6cc4a83,2026-03-01T13:00:00Z,2026-03-01T13:19:47Z,auth,auth_enUS_labelerexp,at://did:plc:5ihmqxjemfd2hbanrrpwh4nx/app.bsky.feed.post/3mfyr4a3tpa2b,0,0,0,0
677ede042caf48c384446ddbc6cc4a83,2026-03-01T13:00:00Z,2026-03-01T13:19:47Z,auth,auth_enUS_labelerexp,at://did:plc:yazvitqi7w65f6at4mqfbujr/app.bsky.feed.post/3mfyqrfonn227,1,0,1,0
677ede042caf48c384446ddbc6cc4a83,2026-03-01T13:00:00Z,2026-03-01T13:19:47Z,auth,auth_enUS_labelerexp,at://did:plc:cvhzp4oqk57twhhjji5o2b3t/app.bsky.feed.post/3mfyqlyyucs2r,2,0,0,0
677ede042caf48c384446ddbc6cc4a83,2026-03-01T13:00:00Z,2026-03-01T13:19:47Z,auth,auth_enUS_labelerexp,at://did:plc:cvhzp4oqk57twhhjji5o2b3t/app.bsky.feed.post/3mfyqlum65322,0,0,0,0
677ede042caf48c384446ddbc6cc4a83,2026-03-01T13:00:00Z,2026-03-01T13:19:47Z,auth,auth_enUS_labelerexp,at://did:plc:cvhzp4oqk57twhhjji5o2b3t/app.bsky.feed.post/3mfyqlpxubc2h,0,0,0,0
677ede042caf48c384446ddbc6cc4a83,2026-03-01T13:00:00Z,2026-03-01T13:19:47Z,auth,auth_enUS_labelerexp,at://did:plc:cvhzp4oqk57twhhjji5o2b3t/app.bsky.feed.post/3mfyqlleljf2g,0,0,0,0
677ede042caf48c384446ddbc6cc4a83,2026-03-01T13:00:00Z,2026-03-01T13:19:47Z,auth,auth_enUS_labelerexp,at://did:plc:cvhzp4oqk57twhhjji5o2b3t/app.bsky.feed.post/3mfyqlgycfa2g,0,0,0,0
677ede042caf48c384446ddbc6cc4a83,2026-03-01T13:00:00Z,2026-03-01T13:19:47Z,auth,auth_enUS_labelerexp,at://did:plc:cvhzp4oqk57twhhjji5o2b3t/app.bsky.feed.post/3mfyqlcfwac27,0,0,0,0
677ede042caf48c384446ddbc6cc4a83,2026-03-01T13:00:00Z,2026-03-01T13:19:47Z,auth,auth_enUS_labelerexp,at://did:plc:msian4dqa2rqalf3biilnf3m/app.bsky.feed.post/3mfyql5wnjd2v,0,0,0,0
677ede042caf48c384446ddbc6cc4a83,2026-03-01T13:00:00Z,2026-03-01T13:19:47Z,auth,auth_enUS_labelerexp,at://did:plc:cvhzp4oqk57twhhjji5o2b3t/app.bsky.feed.post/3mfyql5tiw42v,0,0,0,0
677ede042caf48c384446ddbc6cc4a83,2026-03-01T13:00:00Z,2026-03-01T13:19:47Z,auth,auth_enUS_labelerexp,at://did:plc:cvhzp4oqk57twhhjji5o2b3t/app.bsky.feed.post/3mfyqkzkr6k2l,0,0,0,0
677ede042caf48c384446ddbc6cc4a83,2026-03-01T13:00:00Z,2026-03-01T13:19:47Z,auth,auth_enUS_labelerexp,at://did:plc:cvhzp4oqk57twhhjji5o2b3t/app.bsky.feed.post/3mfyqkv7hxs2h,0,0,0,0
677ede042caf48c384446ddbc6cc4a83,2026-03-01T13:00:00Z,2026-03-01T13:19:47Z,auth,auth_enUS_labelerexp,at://did:plc:cvhzp4oqk57twhhjji5o2b3t/app.bsky.feed.post/3mfyqkqsa5k27,0,0,0,0
677ede042caf48c384446ddbc6cc4a83,2026-03-01T13:00:00Z,2026-03-01T13:19:47Z,auth,auth_enUS_labelerexp,at://did:plc:mlqi57r2c36zb4gerq6mxmsc/app.bsky.feed.post/3mfyqhy5pz22d,0,0,0,0
677ede042caf48c384446ddbc6cc4a83,2026-03-01T13:00:00Z,2026-03-01T13:19:47Z,auth,auth_enUS_labelerexp,at://did:plc:oit44ylhamqxnr5vgsxwykuu/app.bsky.feed.post/3mfyqdpd7642d,0,0,0,0
677ede042caf48c384446ddbc6cc4a83,2026-03-01T13:00:00Z,2026-03-01T13:19:47Z,auth,auth_enUS_labelerexp,at://did:plc:ex2vnip3szxjimgt3o2sesrj/app.bsky.feed.post/3mfyqc7sfos2i,0,0,0,0
677ede042caf48c384446ddbc6cc4a83,2026-03-01T13:00:00Z,2026-03-01T13:19:47Z,auth,auth_enUS_labelerexp,at://did:plc:7jfif7q5vrjedbbj7baktyaq/app.bsky.feed.post/3mfypwvm4ef25,0,0,0,0
677ede042caf48c384446ddbc6cc4a83,2026-03-01T13:00:00Z,2026-03-01T13:19:47Z,auth,auth_enUS_labelerexp,at://did:plc:bk4mhki5wlyvdetbqfcr2mfg/app.bsky.feed.post/3mfyppxbtrax2,0,0,0,0
677ede042caf48c384446ddbc6cc4a83,2026-03-01T13:00:00Z,2026-03-01T13:19:47Z,auth,auth_enUS_labelerexp,at://did:plc:mrt774jv7uowelnr2drvwewb/app.bsky.feed.post/3mfyplhyl6s2r,0,0,0,0
677ede042caf48c384446ddbc6cc4a83,2026-03-01T13:00:00Z,2026-03-01T13:19:47Z,auth,auth_enUS_labelerexp,at://did:plc:uvlq5neaaijjhtbevbqh3i3g/app.bsky.feed.post/3mfypkvxsak2g,0,0,0,0
677ede042caf48c384446ddbc6cc4a83,2026-03-01T13:00:00Z,2026-03-01T13:19:47Z,auth,auth_enUS_labelerexp,at://did:plc:bcmgsy5zrnmqlrkt4tu4uzbr/app.bsky.feed.post/3mfypki4c762v,0,0,0,0
677ede042caf48c384446ddbc6cc4a83,2026-03-01T13:00:00Z,2026-03-01T13:19:47Z,auth,auth_enUS_labelerexp,at://did:plc:2zna42tp4gowvmfyf5rinz7c/app.bsky.feed.post/3mfypazdksc2g,2,0,0,0
677ede042caf48c384446ddbc6cc4a83,2026-03-01T13:00:00Z,2026-03-01T13:19:47Z,auth,auth_enUS_labelerexp,at://did:plc:r72p2cjidknjmoi55ulfmh22/app.bsky.feed.post/3mfypanr5oq27,0,0,0,0
677ede042caf48c384446ddbc6cc4a83,2026-03-01T13:00:00Z,2026-03-01T13:19:47Z,auth,auth_enUS_labelerexp,at://did:plc:ud5d7oejm5jblvvnlkiajm7s/app.bsky.feed.post/3mfyowf5chu2c,0,0,0,0
677ede042caf48c384446ddbc6cc4a83,2026-03-01T13:00:00Z,2026-03-01T13:19:47Z,auth,auth_enUS_labelerexp,at://did:plc:6lv6e4kfe3su5kq6tdp2mcxj/app.bsky.feed.post/3mfyos5vry22v,0,0,1,0
677ede042caf48c384446ddbc6cc4a83,2026-03-01T13:00:00Z,2026-03-01T13:19:47Z,auth,auth_enUS_labelerexp,at://did:plc:e7towjpauool44kh7rtkxhzq/app.bsky.feed.post/3mfyogxbbwk2t,2,0,0,0
677ede042caf48c384446ddbc6cc4a83,2026-03-01T13:00:00Z,2026-03-01T13:19:47Z,auth,auth_enUS_labelerexp,at://did:plc:n7rdacij6kl7t7mj2uiuu5by/app.bsky.feed.post/3mfyo6rhi3k2s,1,0,0,0
677ede042caf48c384446ddbc6cc4a83,2026-03-01T13:00:00Z,2026-03-01T13:19:47Z,auth,auth_enUS_labelerexp,at://did:plc:cvhzp4oqk57twhhjji5o2b3t/app.bsky.feed.post/3mfyo3kji5c2w,0,0,0,0
677ede042caf48c384446ddbc6cc4a83,2026-03-01T13:00:00Z,2026-03-01T13:19:47Z,auth,auth_enUS_labelerexp,at://did:plc:cvhzp4oqk57twhhjji5o2b3t/app.bsky.feed.post/3mfyo3fwtct2v,1,0,0,0
677ede042caf48c384446ddbc6cc4a83,2026-03-01T13:00:00Z,2026-03-01T13:19:47Z,auth,auth_enUS_labelerexp,at://did:plc:cvhzp4oqk57twhhjji5o2b3t/app.bsky.feed.post/3mfyo3bbnut2v,0,0,0,0
677ede042caf48c384446ddbc6cc4a83,2026-03-01T13:00:00Z,2026-03-01T13:19:47Z,auth,auth_enUS_labelerexp,at://did:plc:cvhzp4oqk57twhhjji5o2b3t/app.bsky.feed.post/3mfyo34g64p22,0,0,0,0
677ede042caf48c384446ddbc6cc4a83,2026-03-01T13:00:00Z,2026-03-01T13:19:47Z,auth,auth_enUS_labelerexp,at://did:plc:cvhzp4oqk57twhhjji5o2b3t/app.bsky.feed.post/3mfyo2xldbh2r,0,0,0,0
677ede042caf48c384446ddbc6cc4a83,2026-03-01T13:00:00Z,2026-03-01T13:19:47Z,auth,auth_enUS_labelerexp,at://did:plc:cvhzp4oqk57twhhjji5o2b3t/app.bsky.feed.post/3mfyo2tictr2u,0,0,0,0
677ede042caf48c384446ddbc6cc4a83,2026-03-01T13:00:00Z,2026-03-01T13:19:47Z,auth,auth_enUS_labelerexp,at://did:plc:cvhzp4oqk57twhhjji5o2b3t/app.bsky.feed.post/3mfyo2ouhtc2w,0,0,0,0
677ede042caf48c384446ddbc6cc4a83,2026-03-01T13:00:00Z,2026-03-01T13:19:47Z,auth,auth_enUS_labelerexp,at://did:plc:cvhzp4oqk57twhhjji5o2b3t/app.bsky.feed.post/3mfyo2kbl6t2v,0,0,0,0
677ede042caf48c384446ddbc6cc4a83,2026-03-01T13:00:00Z,2026-03-01T13:19:47Z,auth,auth_enUS_labelerexp,at://did:plc:cvhzp4oqk57twhhjji5o2b3t/app.bsky.feed.post/3mfyo2fqksd2l,0,0,0,0
677ede042caf48c384446ddbc6cc4a83,2026-03-01T13:00:00Z,2026-03-01T13:19:47Z,auth,auth_enUS_labelerexp,at://did:plc:cvhzp4oqk57twhhjji5o2b3t/app.bsky.feed.post/3mfyo2b5fmc2t,0,0,0,0
677ede042caf48c384446ddbc6cc4a83,2026-03-01T13:00:00Z,2026-03-01T13:19:47Z,auth,auth_enUS_labelerexp,at://did:plc:a74lubeqynxhchnbhm4hdegb/app.bsky.feed.post/3mfynyzj2u22c,1,0,0,0
677ede042caf48c384446ddbc6cc4a83,2026-03-01T13:00:00Z,2026-03-01T13:19:47Z,auth,auth_enUS_labelerexp,at://did:plc:a4ggcdmlzocecvzf534wlinu/app.bsky.feed.post/3mfynykdirc2l,3,0,1,0
677ede042caf48c384446ddbc6cc4a83,2026-03-01T13:00:00Z,2026-03-01T13:19:48Z,auth,auth_enUS_labelerexp,at://did:plc:b3yqqsqpj7yxr5m6swjguyab/app.bsky.feed.post/3mfyt2sjfnc26,0,0,0,0
677ede042caf48c384446ddbc6cc4a83,2026-03-01T13:00:00Z,2026-03-01T13:19:48Z,auth,auth_enUS_labelerexp,at://did:plc:tybolum5wrmgapisdcaik2ia/app.bsky.feed.post/3mfysfnjf3d2m,0,0,1,0
677ede042caf48c384446ddbc6cc4a83,2026-03-01T13:00:00Z,2026-03-01T13:19:48Z,auth,auth_enUS_labelerexp,at://did:plc:ekrnjtjaevsqdx6tsy6a6qjl/app.bsky.feed.post/3mfys647jyc2f,0,0,0,0
677ede042caf48c384446ddbc6cc4a83,2026-03-01T13:00:00Z,2026-03-01T13:19:48Z,auth,auth_enUS_labelerexp,at://did:plc:ekrnjtjaevsqdx6tsy6a6qjl/app.bsky.feed.post/3mfys4t4vms2f,0,0,0,0
677ede042caf48c384446ddbc6cc4a83,2026-03-01T13:00:00Z,2026-03-01T13:19:48Z,auth,auth_enUS_labelerexp,at://did:plc:ri7gxadim5kytjuxt53ewfcj/app.bsky.feed.post/3mfyrlzrmm222,1,0,0,0
677ede042caf48c384446ddbc6cc4a83,2026-03-01T13:00:00Z,2026-03-01T13:19:48Z,auth,auth_enUS_labelerexp,at://did:plc:z35letziwxnivmgthka5yhem/app.bsky.feed.post/3mfyrjjwprc2j,0,0,0,0
677ede042caf48c384446ddbc6cc4a83,2026-03-01T13:00:00Z,2026-03-01T13:19:48Z,auth,auth_enUS_labelerexp,at://did:plc:hulegx7uainxpulv5w4lpcmx/app.bsky.feed.post/3mfyreeamrk2s,0,0,0,0
677ede042caf48c384446ddbc6cc4a83,2026-03-01T13:00:00Z,2026-03-01T13:19:48Z,auth,auth_enUS_labelerexp,at://did:plc:ppbcqp7qbkcttd6pgpgllpto/app.bsky.feed.post/3mfyrbme5qs2p,0,0,0,0
677ede042caf48c384446ddbc6cc4a83,2026-03-01T13:00:00Z,2026-03-01T13:19:48Z,auth,auth_enUS_labelerexp,at://did:plc:ll4impbhoulbmaxvcisan2y6/app.bsky.feed.post/3mfyr2n725zx2,0,0,0,0
677ede042caf48c384446ddbc6cc4a83,2026-03-01T13:00:00Z,2026-03-01T13:19:48Z,auth,auth_enUS_labelerexp,at://did:plc:y6r2fdcockzauypmxxl4m4m5/app.bsky.feed.post/3mfyplnawxs2o,0,0,0,0
677ede042caf48c384446ddbc6cc4a83,2026-03-01T13:00:00Z,2026-03-01T13:19:48Z,auth,auth_enUS_labelerexp,at://did:plc:o3o5qrs6mirql5jga34bgjwb/app.bsky.feed.post/3mfypjkkwv22g,0,0,1,0
677ede042caf48c384446ddbc6cc4a83,2026-03-01T13:00:00Z,2026-03-01T13:19:48Z,auth,auth_enUS_labelerexp,at://did:plc:vmevhputmjs2fmstj2yzf26i/app.bsky.feed.post/3mfypfxrkzs2h,0,0,0,0
677ede042caf48c384446ddbc6cc4a83,2026-03-01T13:00:00Z,2026-03-01T13:19:48Z,auth,auth_enUS_labelerexp,at://did:plc:5axciac64qvprrjomyexc2bz/app.bsky.feed.post/3mfypcsl64s2q,0,0,0,0
677ede042caf48c384446ddbc6cc4a83,2026-03-01T13:00:00Z,2026-03-01T13:19:48Z,auth,auth_enUS_labelerexp,at://did:plc:tg6plzqgu7xmpkcs4rslr2h4/app.bsky.feed.post/3mfyp6bi4y22i,4,0,0,0
677ede042caf48c384446ddbc6cc4a83,2026-03-01T13:00:00Z,2026-03-01T13:19:48Z,auth,auth_enUS_labelerexp,at://did:plc:pmwzdwic7rrkb5ylh7lpcxvd/app.bsky.feed.post/3mfyov5eze62y,0,0,0,0
677ede042caf48c384446ddbc6cc4a83,2026-03-01T13:00:00Z,2026-03-01T13:19:48Z,auth,auth_enUS_labelerexp,at://did:plc:go2bcmsadpur2xclphjbtspb/app.bsky.feed.post/3mfyoomqqwk2g,1,0,0,0
677ede042caf48c384446ddbc6cc4a83,2026-03-01T13:00:00Z,2026-03-01T13:19:48Z,auth,auth_enUS_labelerexp,at://did:plc:y6r2fdcockzauypmxxl4m4m5/app.bsky.feed.post/3mfyoi25we22q,0,0,1,0
677ede042caf48c384446ddbc6cc4a83,2026-03-01T13:00:00Z,2026-03-01T13:19:48Z,auth,auth_enUS_labelerexp,at://did:plc:fmut2wkedggetyxpliq5xvo4/app.bsky.feed.post/3mfyoabeqk22n,0,0,1,0
677ede042caf48c384446ddbc6cc4a83,2026-03-01T13:00:00Z,2026-03-01T13:19:48Z,auth,auth_enUS_labelerexp,at://did:plc:24jcuokv3d2s3ljc6nssjuao/app.bsky.feed.post/3mfymwr3ar22q,0,0,0,0
677ede042caf48c384446ddbc6cc4a83,2026-03-01T13:00:00Z,2026-03-01T13:19:48Z,auth,auth_enUS_labelerexp,at://did:plc:24jcuokv3d2s3ljc6nssjuao/app.bsky.feed.post/3mfymac7atc2x,0,0,0,0
677ede042caf48c384446ddbc6cc4a83,2026-03-01T13:00:00Z,2026-03-01T13:19:48Z,auth,auth_enUS_labelerexp,at://did:plc:g6ehsbrtwsq3nl2y4j3tzpb2/app.bsky.feed.post/3mfym6s6wps27,0,0,0,0
677ede042caf48c384446ddbc6cc4a83,2026-03-01T13:00:00Z,2026-03-01T13:19:48Z,auth,auth_enUS_labelerexp,at://did:plc:f6vp4fstz7z3zlpoeb4qgwgq/app.bsky.feed.post/3mfym6i5y7k2w,0,0,0,0
677ede042caf48c384446ddbc6cc4a83,2026-03-01T13:00:00Z,2026-03-01T13:19:48Z,auth,auth_enUS_labelerexp,at://did:plc:hulegx7uainxpulv5w4lpcmx/app.bsky.feed.post/3mfylzwiyts2s,1,0,0,0
677ede042caf48c384446ddbc6cc4a83,2026-03-01T13:00:00Z,2026-03-01T13:19:48Z,auth,auth_enUS_labelerexp,at://did:plc:24jcuokv3d2s3ljc6nssjuao/app.bsky.feed.post/3mfylya3xxc2i,0,0,0,0
677ede042caf48c384446ddbc6cc4a83,2026-03-01T13:00:00Z,2026-03-01T13:19:48Z,auth,auth_enUS_labelerexp,at://did:plc:24jcuokv3d2s3ljc6nssjuao/app.bsky.feed.post/3mfylvkjcb22i,0,0,0,0
677ede042caf48c384446ddbc6cc4a83,2026-03-01T13:00:00Z,2026-03-01T13:19:48Z,auth,auth_enUS_labelerexp,at://did:plc:b5uscsx5h6awos2ii6qa4xas/app.bsky.feed.post/3mfyloxjcrs2a,0,0,1,0
677ede042caf48c384446ddbc6cc4a83,2026-03-01T13:00:00Z,2026-03-01T13:19:48Z,auth,auth_enUS_labelerexp,at://did:plc:n7d2pobjr2vbuxzy5ojrfsj5/app.bsky.feed.post/3mfyle5utac2d,0,0,0,0
677ede042caf48c384446ddbc6cc4a83,2026-03-01T13:00:00Z,2026-03-01T13:19:48Z,auth,auth_enUS_labelerexp,at://did:plc:6mduc2ytpwkru2enecwkwsza/app.bsky.feed.post/3mfykyzamsk2o,0,0,0,0
677ede042caf48c384446ddbc6cc4a83,2026-03-01T13:00:00Z,2026-03-01T13:19:48Z,auth,auth_enUS_labelerexp,at://did:plc:w73j55jqehnui4t4mzxlmtmr/app.bsky.feed.post/3mfykxbiiz227,0,0,0,0
677ede042caf48c384446ddbc6cc4a83,2026-03-01T13:00:00Z,2026-03-01T13:19:48Z,auth,auth_enUS_labelerexp,at://did:plc:mwtuqutleyrmohcxi7w5pwxv/app.bsky.feed.post/3mfykmjrk7k23,0,0,0,0
677ede042caf48c384446ddbc6cc4a83,2026-03-01T13:00:00Z,2026-03-01T13:19:48Z,auth,auth_enUS_labelerexp,at://did:plc:u2vqbvnng24nx2yrzfycf6ew/app.bsky.feed.post/3mfyjy7kc6k2n,7,0,0,0
677ede042caf48c384446ddbc6cc4a83,2026-03-01T13:00:00Z,2026-03-01T13:19:48Z,auth,auth_enUS_labelerexp,at://did:plc:tg6plzqgu7xmpkcs4rslr2h4/app.bsky.feed.post/3mfyjxegdrc2x,3,0,0,0
677ede042caf48c384446ddbc6cc4a83,2026-03-01T13:00:00Z,2026-03-01T13:19:48Z,auth,auth_enUS_labelerexp,at://did:plc:bfieqha4gcv7fihuvwc7d5lr/app.bsky.feed.post/3mfyj7ujsbc2f,0,0,0,0
677ede042caf48c384446ddbc6cc4a83,2026-03-01T13:00:00Z,2026-03-01T13:19:48Z,auth,auth_enUS_labelerexp,at://did:plc:7opjnfmb6gtbgjrsr3777ujx/app.bsky.feed.post/3mbomnhzfzk2w,3,0,0,0
677ede042caf48c384446ddbc6cc4a83,2026-03-01T13:00:00Z,2026-03-01T13:19:48Z,auth,auth_enUS_labelerexp,at://did:plc:hulegx7uainxpulv5w4lpcmx/app.bsky.feed.post/3mfyj6i2ehk2s,1,0,0,0
677ede042caf48c384446ddbc6cc4a83,2026-03-01T13:00:00Z,2026-03-01T13:19:48Z,auth,auth_enUS_labelerexp,at://did:plc:rdzyx7oc3suqqur5zvkyhfr4/app.bsky.feed.post/3mfyiywf5pc2i,0,0,1,0
677ede042caf48c384446ddbc6cc4a83,2026-03-01T13:00:00Z,2026-03-01T13:19:48Z,auth,auth_enUS_labelerexp,at://did:plc:tybolum5wrmgapisdcaik2ia/app.bsky.feed.post/3mfyixhodl62w,0,0,1,0
677ede042caf48c384446ddbc6cc4a83,2026-03-01T13:00:00Z,2026-03-01T13:19:48Z,auth,auth_enUS_labelerexp,at://did:plc:dh47hemlkdfy2vfoashdlnkd/app.bsky.feed.post/3mfyiuqmuxc2a,0,0,1,0
677ede042caf48c384446ddbc6cc4a83,2026-03-01T13:00:00Z,2026-03-01T13:19:48Z,auth,auth_enUS_labelerexp,at://did:plc:e546idyqsu2kvyuzldbuhd6l/app.bsky.feed.post/3mfyisfcbck2y,0,0,0,0
677ede042caf48c384446ddbc6cc4a83,2026-03-01T13:00:00Z,2026-03-01T13:19:48Z,auth,auth_enUS_labelerexp,at://did:plc:mwtuqutleyrmohcxi7w5pwxv/app.bsky.feed.post/3mfyiq6zcj223,0,0,0,0
677ede042caf48c384446ddbc6cc4a83,2026-03-01T13:00:00Z,2026-03-01T13:19:48Z,auth,auth_enUS_labelerexp,at://did:plc:nlpuhfxio2pa7low76q6do5b/app.bsky.feed.post/3mfyimp4qf22u,0,0,0,0
677ede042caf48c384446ddbc6cc4a83,2026-03-01T13:00:00Z,2026-03-01T13:19:48Z,auth,auth_enUS_labelerexp,at://did:plc:rdzyx7oc3suqqur5zvkyhfr4/app.bsky.feed.post/3mfyif3szsk2i,1,0,0,0
677ede042caf48c384446ddbc6cc4a83,2026-03-01T13:00:00Z,2026-03-01T13:19:48Z,auth,auth_enUS_labelerexp,at://did:plc:retcqod3ot6bt4mywfyf6os5/app.bsky.feed.post/3mfyiewg7iy2g,0,0,0,0
677ede042caf48c384446ddbc6cc4a83,2026-03-01T13:00:00Z,2026-03-01T13:19:48Z,auth,auth_enUS_labelerexp,at://did:plc:qeginjpsp4ja2brrd637sorb/app.bsky.feed.post/3mfyi5sginc2s,0,0,0,0
677ede042caf48c384446ddbc6cc4a83,2026-03-01T13:00:00Z,2026-03-01T13:19:48Z,auth,auth_enUS_labelerexp,at://did:plc:qrkhq3wfofkgd7yextpgcvrc/app.bsky.feed.post/3mfyi4suidc2d,0,0,0,0
677ede042caf48c384446ddbc6cc4a83,2026-03-01T13:00:00Z,2026-03-01T13:19:48Z,auth,auth_enUS_labelerexp,at://did:plc:hulegx7uainxpulv5w4lpcmx/app.bsky.feed.post/3mfyi4tclis2s,1,0,1,0
677ede042caf48c384446ddbc6cc4a83,2026-03-01T13:00:00Z,2026-03-01T13:19:48Z,auth,auth_enUS_labelerexp,at://did:plc:e4mfjirpbzxk2zo2f45pt5ja/app.bsky.feed.post/3mfyhykvwkk2h,0,0,0,0
677ede042caf48c384446ddbc6cc4a83,2026-03-01T13:00:00Z,2026-03-01T13:19:48Z,auth,auth_enUS_labelerexp,at://did:plc:y6r2fdcockzauypmxxl4m4m5/app.bsky.feed.post/3mfyhpobkrs2l,0,0,0,0
677ede042caf48c384446ddbc6cc4a83,2026-03-01T13:00:00Z,2026-03-01T13:19:48Z,auth,auth_enUS_labelerexp,at://did:plc:u2vqbvnng24nx2yrzfycf6ew/app.bsky.feed.post/3mfyhkpwkas2z,3,0,0,0
677ede042caf48c384446ddbc6cc4a83,2026-03-01T13:00:00Z,2026-03-01T13:19:48Z,auth,auth_enUS_labelerexp,at://did:plc:jntj56qwel27ylswu3xsdyrd/app.bsky.feed.post/3mfyhhsvbs22y,0,0,0,0
677ede042caf48c384446ddbc6cc4a83,2026-03-01T13:00:00Z,2026-03-01T13:19:50Z,auth,auth_enUS_labelerexp,at://did:plc:xbkhisyqurppc43irepjhtzp/app.bsky.feed.post/3mfyt6zazd22y,0,0,0,0
677ede042caf48c384446ddbc6cc4a83,2026-03-01T13:00:00Z,2026-03-01T13:19:50Z,auth,auth_enUS_labelerexp,at://did:plc:pnnsbvae544qgww45fgmnn4r/app.bsky.feed.post/3mfyt737xxs2g,0,0,0,0
677ede042caf48c384446ddbc6cc4a83,2026-03-01T13:00:00Z,2026-03-01T13:19:50Z,auth,auth_enUS_labelerexp,at://did:plc:nvog7rczakwzh5ckxnjnwqdd/app.bsky.feed.post/3mfysza4u3c2i,0,0,0,0
677ede042caf48c384446ddbc6cc4a83,2026-03-01T13:00:00Z,2026-03-01T13:19:50Z,auth,auth_enUS_labelerexp,at://did:plc:zs5iss2s6t5dmq3sib4io2e4/app.bsky.feed.post/3mfyt25qq4c2w,1,0,0,0
677ede042caf48c384446ddbc6cc4a83,2026-03-01T13:00:00Z,2026-03-01T13:19:50Z,auth,auth_enUS_labelerexp,at://did:plc:e2vkewhokeivjpsdng7zbi74/app.bsky.feed.post/3mfyszqgz2s27,1,0,0,0
677ede042caf48c384446ddbc6cc4a83,2026-03-01T13:00:00Z,2026-03-01T13:19:50Z,auth,auth_enUS_labelerexp,at://did:plc:khcz3n4k6brbyaxyvm52vvpi/app.bsky.feed.post/3mfysyzkjmc2n,1,0,0,0
677ede042caf48c384446ddbc6cc4a83,2026-03-01T13:00:00Z,2026-03-01T13:19:50Z,auth,auth_enUS_labelerexp,at://did:plc:o4hcf7ig43nveq7nomtrf2vi/app.bsky.feed.post/3mfysso6pmc2b,0,0,1,0
677ede042caf48c384446ddbc6cc4a83,2026-03-01T13:00:00Z,2026-03-01T13:19:50Z,auth,auth_enUS_labelerexp,at://did:plc:kkajvvyl2e77o5kl422g7q2b/app.bsky.feed.post/3mfysrsakdc2o,0,0,0,0
677ede042caf48c384446ddbc6cc4a83,2026-03-01T13:00:00Z,2026-03-01T13:19:50Z,auth,auth_enUS_labelerexp,at://did:plc:zi4krnj7dclxwtfyl32ukiqo/app.bsky.feed.post/3mfysrgoy5s25,2,0,0,0
677ede042caf48c384446ddbc6cc4a83,2026-03-01T13:00:00Z,2026-03-01T13:19:50Z,auth,auth_enUS_labelerexp,at://did:plc:kyvkxl7gsxor2oj3gjfnv4ns/app.bsky.feed.post/3mfyspwi43k22,8,1,0,0
677ede042caf48c384446ddbc6cc4a83,2026-03-01T13:00:00Z,2026-03-01T13:19:50Z,auth,auth_enUS_labelerexp,at://did:plc:yds662lhlukg3u6wtl3xx4oh/app.bsky.feed.post/3mfysjvop6s2t,2,0,2,0
677ede042caf48c384446ddbc6cc4a83,2026-03-01T13:00:00Z,2026-03-01T13:19:50Z,auth,auth_enUS_labelerexp,at://did:plc:elr5du7axx5br4hjpcwcuosr/app.bsky.feed.post/3mfysjpuqyk2i,1,0,0,0
677ede042caf48c384446ddbc6cc4a83,2026-03-01T13:00:00Z,2026-03-01T13:19:50Z,auth,auth_enUS_labelerexp,at://did:plc:jvqcavutlw44ig6ydgpnbpgs/app.bsky.feed.post/3mfysg5d3ac2s,0,0,0,0
677ede042caf48c384446ddbc6cc4a83,2026-03-01T13:00:00Z,2026-03-01T13:19:50Z,auth,auth_enUS_labelerexp,at://did:plc:sesjf4ncxwswflkxtu5ovpba/app.bsky.feed.post/3mfysekikfs2s,4,0,0,0
677ede042caf48c384446ddbc6cc4a83,2026-03-01T13:00:00Z,2026-03-01T13:19:50Z,auth,auth_enUS_labelerexp,at://did:plc:nvog7rczakwzh5ckxnjnwqdd/app.bsky.feed.post/3mfysbvizyk2p,6,0,1,0
677ede042caf48c384446ddbc6cc4a83,2026-03-01T13:00:00Z,2026-03-01T13:19:50Z,auth,auth_enUS_labelerexp,at://did:plc:5555q7otoiw4oupep3efsseb/app.bsky.feed.post/3mfysbpkgxc2c,0,0,0,0
677ede042caf48c384446ddbc6cc4a83,2026-03-01T13:00:00Z,2026-03-01T13:19:50Z,auth,auth_enUS_labelerexp,at://did:plc:5kas645zel5nyu37zlbhcc5k/app.bsky.feed.post/3mfys4vontk2p,6,0,1,0
677ede042caf48c384446ddbc6cc4a83,2026-03-01T13:00:00Z,2026-03-01T13:19:50Z,auth,auth_enUS_labelerexp,at://did:plc:ri5u3axevvzzfnzhadhxs4fy/app.bsky.feed.post/3mfys42yzgk2b,4,0,0,0
677ede042caf48c384446ddbc6cc4a83,2026-03-01T13:00:00Z,2026-03-01T13:19:50Z,auth,auth_enUS_labelerexp,at://did:plc:atuwpsc7vcqs52g5k6cbzvvk/app.bsky.feed.post/3mfyrupwlns2p,0,0,1,0
677ede042caf48c384446ddbc6cc4a83,2026-03-01T13:00:00Z,2026-03-01T13:19:50Z,auth,auth_enUS_labelerexp,at://did:plc:nn6u2mpavycameetqswbp5oa/app.bsky.feed.post/3mfyrshb6l22g,2,1,1,0
677ede042caf48c384446ddbc6cc4a83,2026-03-01T13:00:00Z,2026-03-01T13:19:50Z,auth,auth_enUS_labelerexp,at://did:plc:p3n4kbbcxivbfg5ete7pxznw/app.bsky.feed.post/3mfyrs2e5rk22,5,0,1,0
677ede042caf48c384446ddbc6cc4a83,2026-03-01T13:00:00Z,2026-03-01T13:19:50Z,auth,auth_enUS_labelerexp,at://did:plc:ndtkhw37hwgmtn4xt7neydan/app.bsky.feed.post/3mfyrcsjvhc22,4,0,0,0
677ede042caf48c384446ddbc6cc4a83,2026-03-01T13:00:00Z,2026-03-01T13:19:50Z,auth,auth_enUS_labelerexp,at://did:plc:gidznkvyb2u5elcrazj2u4yk/app.bsky.feed.post/3mfyrby2p422k,2,0,0,0
677ede042caf48c384446ddbc6cc4a83,2026-03-01T13:00:00Z,2026-03-01T13:19:50Z,auth,auth_enUS_labelerexp,at://did:plc:ffmeeq3ak4dpcz656tly3rsd/app.bsky.feed.post/3mfyrbgftvs2i,5,0,1,0
677ede042caf48c384446ddbc6cc4a83,2026-03-01T13:00:00Z,2026-03-01T13:19:50Z,auth,auth_enUS_labelerexp,at://did:plc:34qxnkkiwypp756aiboidzbg/app.bsky.feed.post/3mfyradbckk2w,1,0,0,0
677ede042caf48c384446ddbc6cc4a83,2026-03-01T13:00:00Z,2026-03-01T13:19:50Z,auth,auth_enUS_labelerexp,at://did:plc:ct44vuzkgksyh2cexn3ifh6b/app.bsky.feed.post/3mfyr7qfuyc2c,9,0,0,0
677ede042caf48c384446ddbc6cc4a83,2026-03-01T13:00:00Z,2026-03-01T13:19:50Z,auth,auth_enUS_labelerexp,at://did:plc:7whynuuzixrgs4gfz6ibwlvc/app.bsky.feed.post/3mfyr72ukfc2e,2,0,0,0
677ede042caf48c384446ddbc6cc4a83,2026-03-01T13:00:00Z,2026-03-01T13:19:50Z,auth,auth_enUS_labelerexp,at://did:plc:cxruwbj5nro5eamp2sn7tbul/app.bsky.feed.post/3mfyr54wkks2f,35,3,1,0
677ede042caf48c384446ddbc6cc4a83,2026-03-01T13:00:00Z,2026-03-01T13:19:50Z,auth,auth_enUS_labelerexp,at://did:plc:p7t4q5yq7zy34lopenymuwof/app.bsky.feed.post/3mfyr6ndrr22w,0,0,0,0
677ede042caf48c384446ddbc6cc4a83,2026-03-01T13:00:00Z,2026-03-01T13:19:50Z,auth,auth_enUS_labelerexp,at://did:plc:nrgsriotk3uzgp23hkglh6si/app.bsky.feed.post/3mfyr4vwsfs2r,2,0,1,0
677ede042caf48c384446ddbc6cc4a83,2026-03-01T13:00:00Z,2026-03-01T13:19:50Z,auth,auth_enUS_labelerexp,at://did:plc:hkao2o33mtnnfqommhpyhsyq/app.bsky.feed.post/3mfyr4twqm22z,2,0,1,0
677ede042caf48c384446ddbc6cc4a83,2026-03-01T13:00:00Z,2026-03-01T13:19:50Z,auth,auth_enUS_labelerexp,at://did:plc:ffmeeq3ak4dpcz656tly3rsd/app.bsky.feed.post/3mfyr3olqek2i,4,0,1,0
677ede042caf48c384446ddbc6cc4a83,2026-03-01T13:00:00Z,2026-03-01T13:19:50Z,auth,auth_enUS_labelerexp,at://did:plc:w2tnkqey7as2nopylpbmmduy/app.bsky.feed.post/3mfyr2w4vlk2m,4,0,0,1
677ede042caf48c384446ddbc6cc4a83,2026-03-01T13:00:00Z,2026-03-01T13:19:50Z,auth,auth_enUS_labelerexp,at://did:plc:ndtkhw37hwgmtn4xt7neydan/app.bsky.feed.post/3mfyr2nzbxs22,2,0,0,0
677ede042caf48c384446ddbc6cc4a83,2026-03-01T13:00:00Z,2026-03-01T13:19:50Z,auth,auth_enUS_labelerexp,at://did:plc:uuhgsve4volnyljkggvnwi33/app.bsky.feed.post/3mfyqzcmhlk2b,1,0,1,0
677ede042caf48c384446ddbc6cc4a83,2026-03-01T13:00:00Z,2026-03-01T13:19:50Z,auth,auth_enUS_labelerexp,at://did:plc:v377phopvzevo623cjgcuimf/app.bsky.feed.post/3mfyqwtwoas2u,2,0,0,0
677ede042caf48c384446ddbc6cc4a83,2026-03-01T13:00:00Z,2026-03-01T13:19:50Z,auth,auth_enUS_labelerexp,at://did:plc:kkajvvyl2e77o5kl422g7q2b/app.bsky.feed.post/3mfyqvvf3zk23,0,0,1,0
677ede042caf48c384446ddbc6cc4a83,2026-03-01T13:00:00Z,2026-03-01T13:19:50Z,auth,auth_enUS_labelerexp,at://did:plc:suidcfer564s3wygdra7jeg7/app.bsky.feed.post/3mfyqugonr22s,0,0,0,0
677ede042caf48c384446ddbc6cc4a83,2026-03-01T13:00:00Z,2026-03-01T13:19:50Z,auth,auth_enUS_labelerexp,at://did:plc:ks7dimmqi266xyi4ouacethp/app.bsky.feed.post/3mfyqsg7ka22s,3,0,0,0
677ede042caf48c384446ddbc6cc4a83,2026-03-01T13:00:00Z,2026-03-01T13:19:50Z,auth,auth_enUS_labelerexp,at://did:plc:qlnol3x634anwethxcsoewid/app.bsky.feed.post/3mfyqrpsc2e2c,1,0,0,0
677ede042caf48c384446ddbc6cc4a83,2026-03-01T13:00:00Z,2026-03-01T13:19:50Z,auth,auth_enUS_labelerexp,at://did:plc:gws3b5ujjwkcc7udfjeqvwgq/app.bsky.feed.post/3mfyqqyw6ds2j,1,1,0,0
677ede042caf48c384446ddbc6cc4a83,2026-03-01T13:00:00Z,2026-03-01T13:19:50Z,auth,auth_enUS_labelerexp,at://did:plc:vx5tar3fasbzbgf4r62x2kdn/app.bsky.feed.post/3mfyqqrc4rk2q,2,0,0,0
677ede042caf48c384446ddbc6cc4a83,2026-03-01T13:00:00Z,2026-03-01T13:19:50Z,auth,auth_enUS_labelerexp,at://did:plc:cgqvtqlipm7z7cb6zfo5egzi/app.bsky.feed.post/3mfyqnr5rg22x,1,0,0,0
677ede042caf48c384446ddbc6cc4a83,2026-03-01T13:00:00Z,2026-03-01T13:19:50Z,auth,auth_enUS_labelerexp,at://did:plc:yds662lhlukg3u6wtl3xx4oh/app.bsky.feed.post/3mfyqmlt5us2t,7,1,4,0
677ede042caf48c384446ddbc6cc4a83,2026-03-01T13:00:00Z,2026-03-01T13:19:50Z,auth,auth_enUS_labelerexp,at://did:plc:zrqipx2pgmwzsyi43jzoszf3/app.bsky.feed.post/3mfyqjllkys2b,4,0,0,0
677ede042caf48c384446ddbc6cc4a83,2026-03-01T13:00:00Z,2026-03-01T13:19:50Z,auth,auth_enUS_labelerexp,at://did:plc:23xxvdzb7dz4kbbnklxyu3hc/app.bsky.feed.post/3mfyqfy67is2k,0,0,1,0
677ede042caf48c384446ddbc6cc4a83,2026-03-01T13:00:00Z,2026-03-01T13:19:50Z,auth,auth_enUS_labelerexp,at://did:plc:sw5bcdco4zh7risq556hdr7x/app.bsky.feed.post/3mfyqdukgx627,0,0,0,0
677ede042caf48c384446ddbc6cc4a83,2026-03-01T13:00:00Z,2026-03-01T13:19:50Z,auth,auth_enUS_labelerexp,at://did:plc:3yhmypdpa2rha7jrcbo2v2gy/app.bsky.feed.post/3mfyqdlsyv22h,4,0,0,0
677ede042caf48c384446ddbc6cc4a83,2026-03-01T13:00:00Z,2026-03-01T13:19:50Z,auth,auth_enUS_labelerexp,at://did:plc:frehvkg5j73vd5u7ze4lzler/app.bsky.feed.post/3mfyqdfaz5s2q,4,1,0,0
677ede042caf48c384446ddbc6cc4a83,2026-03-01T13:00:00Z,2026-03-01T13:19:50Z,auth,auth_enUS_labelerexp,at://did:plc:i54ls2zr4xc6wkyojcpdcija/app.bsky.feed.post/3mfyqcmr4722q,2,0,1,0
677ede042caf48c384446ddbc6cc4a83,2026-03-01T13:00:00Z,2026-03-01T13:19:52Z,auth,auth_enUS_labelerexp,at://did:plc:so5qaxrby4lta7ltcll3hzzr/app.bsky.feed.post/3lr2kxgm5o227,2416,223,3,32
677ede042caf48c384446ddbc6cc4a83,2026-03-01T13:00:00Z,2026-03-01T13:19:52Z,auth,auth_enUS_labelerexp,at://did:plc:3p3czlq4aodnh5zpnvrs4olt/app.bsky.feed.post/3mfytas26qc2q,0,0,0,0
677ede042caf48c384446ddbc6cc4a83,2026-03-01T13:00:00Z,2026-03-01T13:19:52Z,auth,auth_enUS_labelerexp,at://did:plc:mrhgfor2msmaz26h3q3gqvqx/app.bsky.feed.post/3mfytaddiac2c,1,0,0,0
677ede042caf48c384446ddbc6cc4a83,2026-03-01T13:00:00Z,2026-03-01T13:19:52Z,auth,auth_enUS_labelerexp,at://did:plc:vjm7x22ukzkpl2tydpywkmqv/app.bsky.feed.post/3mfyt6mjspd2z,0,0,0,0
677ede042caf48c384446ddbc6cc4a83,2026-03-01T13:00:00Z,2026-03-01T13:19:52Z,auth,auth_enUS_labelerexp,at://did:plc:eupvrmtvqpkqdkiwoom7u2lx/app.bsky.feed.post/3mfyt3gluzd2k,0,0,0,0
677ede042caf48c384446ddbc6cc4a83,2026-03-01T13:00:00Z,2026-03-01T13:19:52Z,auth,auth_enUS_labelerexp,at://did:plc:5edgzgi2zbmxumxerpn2wbpn/app.bsky.feed.post/3mfyt347jhs2p,0,0,0,0
677ede042caf48c384446ddbc6cc4a83,2026-03-01T13:00:00Z,2026-03-01T13:19:52Z,auth,auth_enUS_labelerexp,at://did:plc:w5naoobhm7uqzybjru57gzit/app.bsky.feed.post/3mfysypk6n22l,1,0,0,0
677ede042caf48c384446ddbc6cc4a83,2026-03-01T13:00:00Z,2026-03-01T13:19:52Z,auth,auth_enUS_labelerexp,at://did:plc:66bcb3mmti7a5wplq4qzvaab/app.bsky.feed.post/3mfysxb6lzk2c,1,1,0,0
677ede042caf48c384446ddbc6cc4a83,2026-03-01T13:00:00Z,2026-03-01T13:19:52Z,auth,auth_enUS_labelerexp,at://did:plc:74obizo6bc3yfyx4sjhvldey/app.bsky.feed.post/3mfysx5lkfn2c,0,0,0,0
677ede042caf48c384446ddbc6cc4a83,2026-03-01T13:00:00Z,2026-03-01T13:19:52Z,auth,auth_enUS_labelerexp,at://did:plc:5edgzgi2zbmxumxerpn2wbpn/app.bsky.feed.post/3mfysvgrx5k2p,1,1,1,0
677ede042caf48c384446ddbc6cc4a83,2026-03-01T13:00:00Z,2026-03-01T13:19:52Z,auth,auth_enUS_labelerexp,at://did:plc:vektbfbmveyy4fetrrmjy46f/app.bsky.feed.post/3mfystwvoeh2z,0,0,0,0
677ede042caf48c384446ddbc6cc4a83,2026-03-01T13:00:00Z,2026-03-01T13:19:52Z,auth,auth_enUS_labelerexp,at://did:plc:arg6cb5x7haucuqyhwhfe5k7/app.bsky.feed.post/3mfysttuuc22r,2,0,0,0
677ede042caf48c384446ddbc6cc4a83,2026-03-01T13:00:00Z,2026-03-01T13:19:52Z,auth,auth_enUS_labelerexp,at://did:plc:74obizo6bc3yfyx4sjhvldey/app.bsky.feed.post/3mfyst76kqr27,0,0,0,0
677ede042caf48c384446ddbc6cc4a83,2026-03-01T13:00:00Z,2026-03-01T13:19:52Z,auth,auth_enUS_labelerexp,at://did:plc:jpehiajhpn4zy5j63tj4jxnp/app.bsky.feed.post/3mfyst2ap6c2u,0,0,0,0
677ede042caf48c384446ddbc6cc4a83,2026-03-01T13:00:00Z,2026-03-01T13:19:52Z,auth,auth_enUS_labelerexp,at://did:plc:pc37uogvl76eac433b4kqpte/app.bsky.feed.post/3mfysrnro2s2a,1,0,0,0
677ede042caf48c384446ddbc6cc4a83,2026-03-01T13:00:00Z,2026-03-01T13:19:52Z,auth,auth_enUS_labelerexp,at://did:plc:zxhzpdbhmvhftky72tdpeow4/app.bsky.feed.post/3mfysqdg54c2v,0,0,1,0
677ede042caf48c384446ddbc6cc4a83,2026-03-01T13:00:00Z,2026-03-01T13:19:52Z,auth,auth_enUS_labelerexp,at://did:plc:3eyu27yxhcpowzm2iiruhqob/app.bsky.feed.post/3mfyspxscoc2h,2,1,0,0
677ede042caf48c384446ddbc6cc4a83,2026-03-01T13:00:00Z,2026-03-01T13:19:52Z,auth,auth_enUS_labelerexp,at://did:plc:dauih4vmt2naxjz4sr2tvafx/app.bsky.feed.post/3mfysppwe6c27,0,0,0,0
677ede042caf48c384446ddbc6cc4a83,2026-03-01T13:00:00Z,2026-03-01T13:19:52Z,auth,auth_enUS_labelerexp,at://did:plc:h2qbklqwm3zbixolpggoijbb/app.bsky.feed.post/3mfyslpwtjs22,0,0,0,0
677ede042caf48c384446ddbc6cc4a83,2026-03-01T13:00:00Z,2026-03-01T13:19:52Z,auth,auth_enUS_labelerexp,at://did:plc:s6rvv4b6cucjkn24dk4mx5ym/app.bsky.feed.post/3mfysilqea22r,0,0,1,0
677ede042caf48c384446ddbc6cc4a83,2026-03-01T13:00:00Z,2026-03-01T13:19:52Z,auth,auth_enUS_labelerexp,at://did:plc:so5qaxrby4lta7ltcll3hzzr/app.bsky.feed.post/3lv7kz2thkt2m,65,8,4,0
677ede042caf48c384446ddbc6cc4a83,2026-03-01T13:00:00Z,2026-03-01T13:19:52Z,auth,auth_enUS_labelerexp,at://did:plc:errpdfktfkwpvyvlkk3y36vi/app.bsky.feed.post/3mfyshqpjck22,0,0,0,0
677ede042caf48c384446ddbc6cc4a83,2026-03-01T13:00:00Z,2026-03-01T13:19:52Z,auth,auth_enUS_labelerexp,at://did:plc:au2tppis3mqhabkhhng4wyde/app.bsky.feed.post/3mfysg7px722m,0,0,0,0
677ede042caf48c384446ddbc6cc4a83,2026-03-01T13:00:00Z,2026-03-01T13:19:52Z,auth,auth_enUS_labelerexp,at://did:plc:hixljzo4eonoi2qa5dbqvcsz/app.bsky.feed.post/3mfysfmsz3j2z,3,2,0,0
677ede042caf48c384446ddbc6cc4a83,2026-03-01T13:00:00Z,2026-03-01T13:19:52Z,auth,auth_enUS_labelerexp,at://did:plc:4zebszihv3lxg4mb2xyswe6m/app.bsky.feed.post/3mfyset7o2c2s,1,0,0,0
677ede042caf48c384446ddbc6cc4a83,2026-03-01T13:00:00Z,2026-03-01T13:19:52Z,auth,auth_enUS_labelerexp,at://did:plc:6vhiwlgxwikswcqxrlw2xoab/app.bsky.feed.post/3mfysdvofys2f,2,1,1,0
677ede042caf48c384446ddbc6cc4a83,2026-03-01T13:00:00Z,2026-03-01T13:19:52Z,auth,auth_enUS_labelerexp,at://did:plc:6w3htairtc3abafcd5otdkfg/app.bsky.feed.post/3mfyscfiq6o2l,0,0,0,0
677ede042caf48c384446ddbc6cc4a83,2026-03-01T13:00:00Z,2026-03-01T13:19:52Z,auth,auth_enUS_labelerexp,at://did:plc:7m6a3jlgchcbeyyenyh2orho/app.bsky.feed.post/3mfysc4w3rw2f,1,0,0,0
677ede042caf48c384446ddbc6cc4a83,2026-03-01T13:00:00Z,2026-03-01T13:19:52Z,auth,auth_enUS_labelerexp,at://did:plc:m3343ex6yk5kfv6vkqfpvuj6/app.bsky.feed.post/3mfysbw6pe22i,0,0,0,0
677ede042caf48c384446ddbc6cc4a83,2026-03-01T13:00:00Z,2026-03-01T13:19:52Z,auth,auth_enUS_labelerexp,at://did:plc:pejmj6efuy7lfnnhgxrc45yq/app.bsky.feed.post/3mfysbjwt3f2u,0,0,0,0
677ede042caf48c384446ddbc6cc4a83,2026-03-01T13:00:00Z,2026-03-01T13:19:52Z,auth,auth_enUS_labelerexp,at://did:plc:5tsmgroi3lkaismol55fpna5/app.bsky.feed.post/3mfysayo2f22t,0,0,0,0
677ede042caf48c384446ddbc6cc4a83,2026-03-01T13:00:00Z,2026-03-01T13:19:52Z,auth,auth_enUS_labelerexp,at://did:plc:ausnspzfyp42tedvx5ykbuxh/app.bsky.feed.post/3mfys5ivxzn2i,4,1,0,0
677ede042caf48c384446ddbc6cc4a83,2026-03-01T13:00:00Z,2026-03-01T13:19:52Z,auth,auth_enUS_labelerexp,at://did:plc:mw5sepwxyli4lam7yj6ozriw/app.bsky.feed.post/3mfys54aekk2i,0,0,0,0
677ede042caf48c384446ddbc6cc4a83,2026-03-01T13:00:00Z,2026-03-01T13:19:52Z,auth,auth_enUS_labelerexp,at://did:plc:4wrd5wih45w27f4voaugv52l/app.bsky.feed.post/3mfys53tcsk2v,1,0,0,0
677ede042caf48c384446ddbc6cc4a83,2026-03-01T13:00:00Z,2026-03-01T13:19:52Z,auth,auth_enUS_labelerexp,at://did:plc:gvkk42ajk2p466t7fsmiiq6y/app.bsky.feed.post/3mfys3y4hjc2a,2,0,0,0
677ede042caf48c384446ddbc6cc4a83,2026-03-01T13:00:00Z,2026-03-01T13:19:52Z,auth,auth_enUS_labelerexp,at://did:plc:uibovmt32x2oj7qnyl6u4xlb/app.bsky.feed.post/3mfyrvksq322w,0,0,0,0
677ede042caf48c384446ddbc6cc4a83,2026-03-01T13:00:00Z,2026-03-01T13:19:52Z,auth,auth_enUS_labelerexp,at://did:plc:4stdu5zpesdgty5udefvqh4i/app.bsky.feed.post/3mfyruerfxs22,2,0,0,1
677ede042caf48c384446ddbc6cc4a83,2026-03-01T13:00:00Z,2026-03-01T13:19:52Z,auth,auth_enUS_labelerexp,at://did:plc:4uhsl3s6ewr7jnznmlfbuhai/app.bsky.feed.post/3mfyrtnwaj22x,1,0,0,0
677ede042caf48c384446ddbc6cc4a83,2026-03-01T13:00:00Z,2026-03-01T13:19:52Z,auth,auth_enUS_labelerexp,at://did:plc:nn6u2mpavycameetqswbp5oa/app.bsky.feed.post/3mfyrshb6l22g,2,1,1,0
677ede042caf48c384446ddbc6cc4a83,2026-03-01T13:00:00Z,2026-03-01T13:19:52Z,auth,auth_enUS_labelerexp,at://did:plc:uhmuojkolb4smkimd7bk6o37/app.bsky.feed.post/3mfyrscasqc23,0,0,0,0
677ede042caf48c384446ddbc6cc4a83,2026-03-01T13:00:00Z,2026-03-01T13:19:52Z,auth,auth_enUS_labelerexp,at://did:plc:6vhiwlgxwikswcqxrlw2xoab/app.bsky.feed.post/3mfyrqap2fg2j,6,3,1,0
677ede042caf48c384446ddbc6cc4a83,2026-03-01T13:00:00Z,2026-03-01T13:19:52Z,auth,auth_enUS_labelerexp,at://did:plc:v7xgmwh35322ctx244ypnm6m/app.bsky.feed.post/3mfyrp4nxfc2q,2,0,0,0
677ede042caf48c384446ddbc6cc4a83,2026-03-01T13:00:00Z,2026-03-01T13:19:52Z,auth,auth_enUS_labelerexp,at://did:plc:jwm24rktyqjrispz2z5bglw3/app.bsky.feed.post/3mfyrnl2jk22s,1,0,0,0
677ede042caf48c384446ddbc6cc4a83,2026-03-01T13:00:00Z,2026-03-01T13:19:52Z,auth,auth_enUS_labelerexp,at://did:plc:3ib4rejpl5qzhiiazztln3qv/app.bsky.feed.post/3mfyrjpkypr24,9,2,0,0
677ede042caf48c384446ddbc6cc4a83,2026-03-01T13:00:00Z,2026-03-01T13:19:52Z,auth,auth_enUS_labelerexp,at://did:plc:cl4w3bjkjjzyjcvtkcjjioy4/app.bsky.feed.post/3mfyrhvlo7c2f,3,0,0,0
677ede042caf48c384446ddbc6cc4a83,2026-03-01T13:00:00Z,2026-03-01T13:19:52Z,auth,auth_enUS_labelerexp,at://did:plc:xrsq5iauajvxx54nyp6k4bb6/app.bsky.feed.post/3mfyrhgdutc22,1,0,0,0
677ede042caf48c384446ddbc6cc4a83,2026-03-01T13:00:00Z,2026-03-01T13:19:52Z,auth,auth_enUS_labelerexp,at://did:plc:odhaxysd3krqyhgfxc3r3ohc/app.bsky.feed.post/3mfyrfqnmhc2k,0,0,0,0
677ede042caf48c384446ddbc6cc4a83,2026-03-01T13:00:00Z,2026-03-01T13:19:52Z,auth,auth_enUS_labelerexp,at://did:plc:nid2w74ga35u3k7xtrliz5rh/app.bsky.feed.post/3mfyre4xxhk2m,1,0,0,0
677ede042caf48c384446ddbc6cc4a83,2026-03-01T13:00:00Z,2026-03-01T13:19:52Z,auth,auth_enUS_labelerexp,at://did:plc:opcllvdn5asiu3dpfydkb5nf/app.bsky.feed.post/3mfyrcorxks2d,1,0,0,0
677ede042caf48c384446ddbc6cc4a83,2026-03-01T13:00:00Z,2026-03-01T13:19:52Z,auth,auth_enUS_labelerexp,at://did:plc:3mbiqnsd5kcchkt53vldmoan/app.bsky.feed.post/3mfyrbwyxys26,3,0,0,0
677ede042caf48c384446ddbc6cc4a83,2026-03-01T13:00:00Z,2026-03-01T13:19:53Z,auth,auth_enUS_labelerexp,at://did:plc:4splf55eagpekci2oznnvxyc/app.bsky.feed.post/3mfysfp2xjs23,1,0,0,0
677ede042caf48c384446ddbc6cc4a83,2026-03-01T13:00:00Z,2026-03-01T13:19:53Z,auth,auth_enUS_labelerexp,at://did:plc:7vwuwxnyre5wgntjjzjvxion/app.bsky.feed.post/3mfyqvk2oek2r,9,1,0,0
677ede042caf48c384446ddbc6cc4a83,2026-03-01T13:00:00Z,2026-03-01T13:19:53Z,auth,auth_enUS_labelerexp,at://did:plc:6jtz7j5q5zc76hxpekqokao2/app.bsky.feed.post/3mfyor57hkk2q,4,4,0,0
677ede042caf48c384446ddbc6cc4a83,2026-03-01T13:00:00Z,2026-03-01T13:19:53Z,auth,auth_enUS_labelerexp,at://did:plc:nslswkixqfixtptiknwsf4cx/app.bsky.feed.post/3mfynl6zobc25,3,0,0,0
677ede042caf48c384446ddbc6cc4a83,2026-03-01T13:00:00Z,2026-03-01T13:19:53Z,auth,auth_enUS_labelerexp,at://did:plc:hgqx6rd2x2ntiduuscm6vqqv/app.bsky.feed.post/3mfyisq2bfj24,0,0,0,0
677ede042caf48c384446ddbc6cc4a83,2026-03-01T13:00:00Z,2026-03-01T13:19:53Z,auth,auth_enUS_labelerexp,at://did:plc:rh72auqofosi66tmgdmfjx6r/app.bsky.feed.post/3mfygtkfm3c2y,4,0,0,0
677ede042caf48c384446ddbc6cc4a83,2026-03-01T13:00:00Z,2026-03-01T13:19:53Z,auth,auth_enUS_labelerexp,at://did:plc:nfb63pu3xu3cdvv7vgz5az6u/app.bsky.feed.post/3mfyegirw2222,14,0,0,0
677ede042caf48c384446ddbc6cc4a83,2026-03-01T13:00:00Z,2026-03-01T13:19:53Z,auth,auth_enUS_labelerexp,at://did:plc:ipwt54um2mynzydchykaak5g/app.bsky.feed.post/3mfy6ygo6ac22,55,14,1,0
677ede042caf48c384446ddbc6cc4a83,2026-03-01T13:00:00Z,2026-03-01T13:19:53Z,auth,auth_enUS_labelerexp,at://did:plc:p2kwudbkj4dkkt63fm6wygvi/app.bsky.feed.post/3mfy2pbt5i222,2,0,0,0
677ede042caf48c384446ddbc6cc4a83,2026-03-01T13:00:00Z,2026-03-01T13:19:53Z,auth,auth_enUS_labelerexp,at://did:plc:nslswkixqfixtptiknwsf4cx/app.bsky.feed.post/3mfxyss5jnc25,5,0,0,0
677ede042caf48c384446ddbc6cc4a83,2026-03-01T13:00:00Z,2026-03-01T13:19:53Z,auth,auth_enUS_labelerexp,at://did:plc:nslswkixqfixtptiknwsf4cx/app.bsky.feed.post/3mfxyfpbhxc25,6,0,0,0
677ede042caf48c384446ddbc6cc4a83,2026-03-01T13:00:00Z,2026-03-01T13:19:53Z,auth,auth_enUS_labelerexp,at://did:plc:mcb6n67plnrlx4lg35natk2b/app.bsky.feed.post/3mfxvr36qo32x,0,0,0,0
677ede042caf48c384446ddbc6cc4a83,2026-03-01T13:00:00Z,2026-03-01T13:19:53Z,auth,auth_enUS_labelerexp,at://did:plc:vbst4zb662i7zer5bgjbvdn3/app.bsky.feed.post/3mfxvpcymss22,7,0,0,0
677ede042caf48c384446ddbc6cc4a83,2026-03-01T13:00:00Z,2026-03-01T13:19:53Z,auth,auth_enUS_labelerexp,at://did:plc:yfi3rekhuy6ij6bm56ccs32n/app.bsky.feed.post/3mfxvgvdzlc2u,27,3,0,0
677ede042caf48c384446ddbc6cc4a83,2026-03-01T13:00:00Z,2026-03-01T13:19:53Z,auth,auth_enUS_labelerexp,at://did:plc:u4dlz6zag3z2sy7e7s74btr4/app.bsky.feed.post/3mfxvax6dfc22,7,0,0,0
677ede042caf48c384446ddbc6cc4a83,2026-03-01T13:00:00Z,2026-03-01T13:19:53Z,auth,auth_enUS_labelerexp,at://did:plc:glrh52tfribrlimdkq5nklsk/app.bsky.feed.post/3mfxsydorfc2q,37,6,0,0
677ede042caf48c384446ddbc6cc4a83,2026-03-01T13:00:00Z,2026-03-01T13:19:53Z,auth,auth_enUS_labelerexp,at://did:plc:w4zpqbccgymbv5aymonxe27n/app.bsky.feed.post/3mfxg4kg5xc2f,5,2,0,0
677ede042caf48c384446ddbc6cc4a83,2026-03-01T13:00:00Z,2026-03-01T13:19:53Z,auth,auth_enUS_labelerexp,at://did:plc:o2izf26wxhu6kxgicqahao4g/app.bsky.feed.post/3mfxfzpqfj22z,74,5,1,0
677ede042caf48c384446ddbc6cc4a83,2026-03-01T13:00:00Z,2026-03-01T13:19:53Z,auth,auth_enUS_labelerexp,at://did:plc:qi2z6r3e2pijnrctbotx6wtk/app.bsky.feed.post/3mfxf7jue5s24,4,0,0,0
677ede042caf48c384446ddbc6cc4a83,2026-03-01T13:00:00Z,2026-03-01T13:19:53Z,auth,auth_enUS_labelerexp,at://did:plc:onalq6surmeqzejt3lqbekwz/app.bsky.feed.post/3mfxdhkjacs2q,6,0,0,0
677ede042caf48c384446ddbc6cc4a83,2026-03-01T13:00:00Z,2026-03-01T13:19:53Z,auth,auth_enUS_labelerexp,at://did:plc:jz37usz6hc6x5r4ph3qgq6nl/app.bsky.feed.post/3mfxcgytfp22h,8,1,0,0
677ede042caf48c384446ddbc6cc4a83,2026-03-01T13:00:00Z,2026-03-01T13:19:53Z,auth,auth_enUS_labelerexp,at://did:plc:rh72auqofosi66tmgdmfjx6r/app.bsky.feed.post/3mfxcey6go22r,3,0,0,0
677ede042caf48c384446ddbc6cc4a83,2026-03-01T13:00:00Z,2026-03-01T13:19:53Z,auth,auth_enUS_labelerexp,at://did:plc:uf4evkqm3xrl2thwor5lzhv4/app.bsky.feed.post/3mfxbdnmx4c2z,8,2,0,0
677ede042caf48c384446ddbc6cc4a83,2026-03-01T13:00:00Z,2026-03-01T13:19:53Z,auth,auth_enUS_labelerexp,at://did:plc:en2g66plmtxkbhyro6dek3pi/app.bsky.feed.post/3mfx7gv5yds2h,36,7,1,0
677ede042caf48c384446ddbc6cc4a83,2026-03-01T13:00:00Z,2026-03-01T13:19:53Z,auth,auth_enUS_labelerexp,at://did:plc:t4idmlcbb4bccujupoy7647w/app.bsky.feed.post/3mfx5sgzvys2e,6,1,0,0
677ede042caf48c384446ddbc6cc4a83,2026-03-01T13:00:00Z,2026-03-01T13:19:53Z,auth,auth_enUS_labelerexp,at://did:plc:7avy3juyuitgnrmapgpnzi5j/app.bsky.feed.post/3mfx236cr2e2v,15,2,0,0
677ede042caf48c384446ddbc6cc4a83,2026-03-01T13:00:00Z,2026-03-01T13:19:53Z,auth,auth_enUS_labelerexp,at://did:plc:bboyycog42ozk5r3vow5orhf/app.bsky.feed.post/3mfwzhssgus2d,39,5,0,0
677ede042caf48c384446ddbc6cc4a83,2026-03-01T13:00:00Z,2026-03-01T13:19:53Z,auth,auth_enUS_labelerexp,at://did:plc:bsuqts73ii6vqu54dq6ucc4h/app.bsky.feed.post/3mfwx3fe2as2x,11,3,0,0
677ede042caf48c384446ddbc6cc4a83,2026-03-01T13:00:00Z,2026-03-01T13:19:53Z,auth,auth_enUS_labelerexp,at://did:plc:yjm24ziml44ngatjwysatsjb/app.bsky.feed.post/3mfwwvroltc2i,3,1,0,0
677ede042caf48c384446ddbc6cc4a83,2026-03-01T13:00:00Z,2026-03-01T13:19:53Z,auth,auth_enUS_labelerexp,at://did:plc:zqqxe2ce3xdlxazlrgbpmf45/app.bsky.feed.post/3mfwwpdlsms2z,3,0,0,0
677ede042caf48c384446ddbc6cc4a83,2026-03-01T13:00:00Z,2026-03-01T13:19:53Z,auth,auth_enUS_labelerexp,at://did:plc:vzj7ppf5ccsg5l7sdtkahjhe/app.bsky.feed.post/3mfwu26coak2d,21,3,1,0
677ede042caf48c384446ddbc6cc4a83,2026-03-01T13:00:00Z,2026-03-01T13:19:53Z,auth,auth_enUS_labelerexp,at://did:plc:74x73onolikw6bv7n2tptssa/app.bsky.feed.post/3mfwti2o7hk2d,2,1,2,0
677ede042caf48c384446ddbc6cc4a83,2026-03-01T13:00:00Z,2026-03-01T13:19:53Z,auth,auth_enUS_labelerexp,at://did:plc:o2izf26wxhu6kxgicqahao4g/app.bsky.feed.post/3mfwsvpleqs2n,23,2,1,0
677ede042caf48c384446ddbc6cc4a83,2026-03-01T13:00:00Z,2026-03-01T13:19:53Z,auth,auth_enUS_labelerexp,at://did:plc:orgysap5jfiw3hqgm3tr4ro6/app.bsky.feed.post/3mfwslrinys2m,15,13,1,1
677ede042caf48c384446ddbc6cc4a83,2026-03-01T13:00:00Z,2026-03-01T13:19:53Z,auth,auth_enUS_labelerexp,at://did:plc:uzjdk7cscigakbf5s6hqeud3/app.bsky.feed.post/3mfwqiyan3c2o,4,2,2,0
677ede042caf48c384446ddbc6cc4a83,2026-03-01T13:00:00Z,2026-03-01T13:19:53Z,auth,auth_enUS_labelerexp,at://did:plc:yfi3rekhuy6ij6bm56ccs32n/app.bsky.feed.post/3mfwnwvzeak2s,51,4,1,0
677ede042caf48c384446ddbc6cc4a83,2026-03-01T13:00:00Z,2026-03-01T13:19:53Z,auth,auth_enUS_labelerexp,at://did:plc:yfi3rekhuy6ij6bm56ccs32n/app.bsky.feed.post/3mfwnuc36ac2s,25,1,0,0
677ede042caf48c384446ddbc6cc4a83,2026-03-01T13:00:00Z,2026-03-01T13:19:53Z,auth,auth_enUS_labelerexp,at://did:plc:jora4nxxqqr5xjmdl4herjna/app.bsky.feed.post/3mfwnehrvsk2h,9,1,0,0
677ede042caf48c384446ddbc6cc4a83,2026-03-01T13:00:00Z,2026-03-01T13:19:53Z,auth,auth_enUS_labelerexp,at://did:plc:uf4evkqm3xrl2thwor5lzhv4/app.bsky.feed.post/3mfwnbxf3q22n,10,7,1,1
677ede042caf48c384446ddbc6cc4a83,2026-03-01T13:00:00Z,2026-03-01T13:19:53Z,auth,auth_enUS_labelerexp,at://did:plc:7vwuwxnyre5wgntjjzjvxion/app.bsky.feed.post/3mfwmw7lalc2v,45,4,0,0
677ede042caf48c384446ddbc6cc4a83,2026-03-01T13:00:00Z,2026-03-01T13:19:53Z,auth,auth_enUS_labelerexp,at://did:plc:qropmz2a4q5q4h7drdmg4n2r/app.bsky.feed.post/3mfwkfgyp7c2t,12,1,0,0
677ede042caf48c384446ddbc6cc4a83,2026-03-01T13:00:00Z,2026-03-01T13:19:53Z,auth,auth_enUS_labelerexp,at://did:plc:zikm7yoo7j4et6sl7yuuw7pa/app.bsky.feed.post/3mfwkcorx3c2v,34,4,2,0
677ede042caf48c384446ddbc6cc4a83,2026-03-01T13:00:00Z,2026-03-01T13:19:53Z,auth,auth_enUS_labelerexp,at://did:plc:w7gvs754ekxn7xrq2sf6yzd2/app.bsky.feed.post/3mfwjurto3c2n,9,1,0,0
677ede042caf48c384446ddbc6cc4a83,2026-03-01T13:00:00Z,2026-03-01T13:19:53Z,auth,auth_enUS_labelerexp,at://did:plc:4splf55eagpekci2oznnvxyc/app.bsky.feed.post/3mfwjed5stk2i,10,0,0,0
677ede042caf48c384446ddbc6cc4a83,2026-03-01T13:00:00Z,2026-03-01T13:19:53Z,auth,auth_enUS_labelerexp,at://did:plc:z3z3ebswby6p4xw36cjnjmtf/app.bsky.feed.post/3mfwj7y75uk2l,11,2,0,0
677ede042caf48c384446ddbc6cc4a83,2026-03-01T13:00:00Z,2026-03-01T13:19:53Z,auth,auth_enUS_labelerexp,at://did:plc:uyt4xzghqbgjca3pb77j2h7o/app.bsky.feed.post/3mfwiigxpd22j,22,1,1,1
677ede042caf48c384446ddbc6cc4a83,2026-03-01T13:00:00Z,2026-03-01T13:19:53Z,auth,auth_enUS_labelerexp,at://did:plc:r6ipku2w5jijkzsaley4wrlg/app.bsky.feed.post/3mfwi5xmnrc2r,103,3,2,0
677ede042caf48c384446ddbc6cc4a83,2026-03-01T13:00:00Z,2026-03-01T13:19:53Z,auth,auth_enUS_labelerexp,at://did:plc:7346gooimw453d47ywqpbw7y/app.bsky.feed.post/3mfwgy3wmac2k,2,0,0,0
677ede042caf48c384446ddbc6cc4a83,2026-03-01T13:00:00Z,2026-03-01T13:19:53Z,auth,auth_enUS_labelerexp,at://did:plc:sjrw4nln3b26ypouv6dc2wlr/app.bsky.feed.post/3mfwgvycxvs2f,2,0,0,0
677ede042caf48c384446ddbc6cc4a83,2026-03-01T13:00:00Z,2026-03-01T13:19:53Z,auth,auth_enUS_labelerexp,at://did:plc:qkgo5b5slccrfgczcme3ppdr/app.bsky.feed.post/3mfwepxreo22q,2,0,0,0
677ede042caf48c384446ddbc6cc4a83,2026-03-01T13:00:00Z,2026-03-01T13:19:54Z,auth,auth_enUS_labelerexp,at://did:plc:aue7o7rk7z4of4ssl2snwcun/app.bsky.feed.post/3mfysf6llck2o,0,0,0,0
677ede042caf48c384446ddbc6cc4a83,2026-03-01T13:00:00Z,2026-03-01T13:19:54Z,auth,auth_enUS_labelerexp,at://did:plc:jvdlokprdlyikzhgratkgyeo/app.bsky.feed.post/3mfysc32frk2y,0,0,0,0
677ede042caf48c384446ddbc6cc4a83,2026-03-01T13:00:00Z,2026-03-01T13:19:54Z,auth,auth_enUS_labelerexp,at://did:plc:vil4fx7cm2wpx4keb2w5hmom/app.bsky.feed.post/3mfysba4avs25,0,0,1,0
677ede042caf48c384446ddbc6cc4a83,2026-03-01T13:00:00Z,2026-03-01T13:19:54Z,auth,auth_enUS_labelerexp,at://did:plc:ke4fg5tvaznaanh35p5cg27r/app.bsky.feed.post/3mfysaghmnm24,1,0,0,0
677ede042caf48c384446ddbc6cc4a83,2026-03-01T13:00:00Z,2026-03-01T13:19:54Z,auth,auth_enUS_labelerexp,at://did:plc:hcxnwbm4lslfqxlealzwl553/app.bsky.feed.post/3mfysafwuz22y,1,0,0,0
677ede042caf48c384446ddbc6cc4a83,2026-03-01T13:00:00Z,2026-03-01T13:19:54Z,auth,auth_enUS_labelerexp,at://did:plc:pvqprqezf62eawoat42dcxcl/app.bsky.feed.post/3mfys4jafp22i,8,2,1,0
677ede042caf48c384446ddbc6cc4a83,2026-03-01T13:00:00Z,2026-03-01T13:19:54Z,auth,auth_enUS_labelerexp,at://did:plc:ql5gx3lhlg6ayisfh6wf2hvc/app.bsky.feed.post/3mfys2lpwic25,11,5,0,0
677ede042caf48c384446ddbc6cc4a83,2026-03-01T13:00:00Z,2026-03-01T13:19:54Z,auth,auth_enUS_labelerexp,at://did:plc:zk7oqo4gfc2gijnxb56ud2cz/app.bsky.feed.post/3mfyrq6jl6c2n,0,0,0,0
677ede042caf48c384446ddbc6cc4a83,2026-03-01T13:00:00Z,2026-03-01T13:19:54Z,auth,auth_enUS_labelerexp,at://did:plc:twxq72fj3igzi4lkxk2uogsm/app.bsky.feed.post/3mfyroymlqk2l,0,0,0,0
677ede042caf48c384446ddbc6cc4a83,2026-03-01T13:00:00Z,2026-03-01T13:19:54Z,auth,auth_enUS_labelerexp,at://did:plc:nsbia55tkpmyffm6vh4tzdhc/app.bsky.feed.post/3mfyrnmep5k2h,0,0,0,0
677ede042caf48c384446ddbc6cc4a83,2026-03-01T13:00:00Z,2026-03-01T13:19:54Z,auth,auth_enUS_labelerexp,at://did:plc:7kqwoyuhwlwrgtfozymq3htm/app.bsky.feed.post/3mfyrmu3d6c2y,2,0,1,0
677ede042caf48c384446ddbc6cc4a83,2026-03-01T13:00:00Z,2026-03-01T13:19:54Z,auth,auth_enUS_labelerexp,at://did:plc:w7myk353zlhrjy6kemnk7j2u/app.bsky.feed.post/3mfyrizu3yk25,0,0,0,0
677ede042caf48c384446ddbc6cc4a83,2026-03-01T13:00:00Z,2026-03-01T13:19:54Z,auth,auth_enUS_labelerexp,at://did:plc:lsmdjour7wmg24vmtx25vovg/app.bsky.feed.post/3mfyrco3krc2i,2,0,0,0
677ede042caf48c384446ddbc6cc4a83,2026-03-01T13:00:00Z,2026-03-01T13:19:54Z,auth,auth_enUS_labelerexp,at://did:plc:uxdn3dhhlj6aukquds7i2awe/app.bsky.feed.post/3mfyraqpqxs2c,2,0,0,0
677ede042caf48c384446ddbc6cc4a83,2026-03-01T13:00:00Z,2026-03-01T13:19:54Z,auth,auth_enUS_labelerexp,at://did:plc:anrwbyqtmsqtzxfutnk3rtt2/app.bsky.feed.post/3mfyraeta7k26,1,0,0,0
677ede042caf48c384446ddbc6cc4a83,2026-03-01T13:00:00Z,2026-03-01T13:19:54Z,auth,auth_enUS_labelerexp,at://did:plc:c7hg6rdjswtb4y7caoj2sxdk/app.bsky.feed.post/3mfyr7t3q2k2b,7,2,0,0
677ede042caf48c384446ddbc6cc4a83,2026-03-01T13:00:00Z,2026-03-01T13:19:54Z,auth,auth_enUS_labelerexp,at://did:plc:w4aplh3hdh2moad22bh44rid/app.bsky.feed.post/3mfyr5jc2ss24,2,0,0,0
677ede042caf48c384446ddbc6cc4a83,2026-03-01T13:00:00Z,2026-03-01T13:19:54Z,auth,auth_enUS_labelerexp,at://did:plc:yaf3rhsa5samrxvsljpaqx7l/app.bsky.feed.post/3mfyquubkjl2f,5,0,0,0
677ede042caf48c384446ddbc6cc4a83,2026-03-01T13:00:00Z,2026-03-01T13:19:54Z,auth,auth_enUS_labelerexp,at://did:plc:f6ifwnuqswx3gvxc3lg7hb4c/app.bsky.feed.post/3mfyquelq5s2j,5,0,1,0
677ede042caf48c384446ddbc6cc4a83,2026-03-01T13:00:00Z,2026-03-01T13:19:54Z,auth,auth_enUS_labelerexp,at://did:plc:k5lldaskgh63n5ud6vwnunb4/app.bsky.feed.post/3mfyqsegc722e,1,0,0,0
677ede042caf48c384446ddbc6cc4a83,2026-03-01T13:00:00Z,2026-03-01T13:19:54Z,auth,auth_enUS_labelerexp,at://did:plc:54hcrqpb5qhzzvxjca55kzwf/app.bsky.feed.post/3mfyqpwyzi32p,1,0,0,0
677ede042caf48c384446ddbc6cc4a83,2026-03-01T13:00:00Z,2026-03-01T13:19:54Z,auth,auth_enUS_labelerexp,at://did:plc:4rik6wxbwhmu3xe45wiii7fz/app.bsky.feed.post/3mfyqk7nymk2l,1,0,0,0
677ede042caf48c384446ddbc6cc4a83,2026-03-01T13:00:00Z,2026-03-01T13:19:54Z,auth,auth_enUS_labelerexp,at://did:plc:fdyk4sobvu4sdjuljwximx4v/app.bsky.feed.post/3mfyqfohvpe42,1,0,0,0
677ede042caf48c384446ddbc6cc4a83,2026-03-01T13:00:00Z,2026-03-01T13:19:54Z,auth,auth_enUS_labelerexp,at://did:plc:l7lkkvtf5ts6fji46y5yiwky/app.bsky.feed.post/3mfyq7u2tqs2k,6,2,1,0
677ede042caf48c384446ddbc6cc4a83,2026-03-01T13:00:00Z,2026-03-01T13:19:54Z,auth,auth_enUS_labelerexp,at://did:plc:g5new7mdtlwzcoqgas2sz6gd/app.bsky.feed.post/3mfyq4e3kev2x,1,0,0,0
677ede042caf48c384446ddbc6cc4a83,2026-03-01T13:00:00Z,2026-03-01T13:19:54Z,auth,auth_enUS_labelerexp,at://did:plc:k4tln6wlccrbrlb46btsc5qu/app.bsky.feed.post/3mfyq2j6fqk2y,1,0,0,0
677ede042caf48c384446ddbc6cc4a83,2026-03-01T13:00:00Z,2026-03-01T13:19:54Z,auth,auth_enUS_labelerexp,at://did:plc:e2cxg3g22ufazebuo564aiwy/app.bsky.feed.post/3mfypwvvnn226,1,0,0,0
677ede042caf48c384446ddbc6cc4a83,2026-03-01T13:00:00Z,2026-03-01T13:19:54Z,auth,auth_enUS_labelerexp,at://did:plc:apss6uywojlpoe5wqqzbknez/app.bsky.feed.post/3mfypvfjctc2h,3,0,0,0
677ede042caf48c384446ddbc6cc4a83,2026-03-01T13:00:00Z,2026-03-01T13:19:54Z,auth,auth_enUS_labelerexp,at://did:plc:lk6yv6iaxc3pswirgsfjmdaq/app.bsky.feed.post/3mfypotvz2224,2,1,0,1
677ede042caf48c384446ddbc6cc4a83,2026-03-01T13:00:00Z,2026-03-01T13:19:54Z,auth,auth_enUS_labelerexp,at://did:plc:ofohxhhh7qxmc72flya2tfo2/app.bsky.feed.post/3mfypn3na222o,6,0,0,0
677ede042caf48c384446ddbc6cc4a83,2026-03-01T13:00:00Z,2026-03-01T13:19:54Z,auth,auth_enUS_labelerexp,at://did:plc:f6ifwnuqswx3gvxc3lg7hb4c/app.bsky.feed.post/3mfypl5dytk2j,3,0,1,0
677ede042caf48c384446ddbc6cc4a83,2026-03-01T13:00:00Z,2026-03-01T13:19:54Z,auth,auth_enUS_labelerexp,at://did:plc:zhmjew6adow53qgqpl3ha5ki/app.bsky.feed.post/3mfypkxqvd422,1,0,0,0
677ede042caf48c384446ddbc6cc4a83,2026-03-01T13:00:00Z,2026-03-01T13:19:54Z,auth,auth_enUS_labelerexp,at://did:plc:ecqp7anzgbhstwjpgqfok3ok/app.bsky.feed.post/3mfypeuysn22y,2,0,0,0
677ede042caf48c384446ddbc6cc4a83,2026-03-01T13:00:00Z,2026-03-01T13:19:54Z,auth,auth_enUS_labelerexp,at://did:plc:arsmfxqjlanmyrycgsdpfs2w/app.bsky.feed.post/3mfypeedo3k2y,2,0,0,0
677ede042caf48c384446ddbc6cc4a83,2026-03-01T13:00:00Z,2026-03-01T13:19:54Z,auth,auth_enUS_labelerexp,at://did:plc:bn22ngbvsglbpjh3am4g4qui/app.bsky.feed.post/3mfypczbtbc2f,2,0,0,0
677ede042caf48c384446ddbc6cc4a83,2026-03-01T13:00:00Z,2026-03-01T13:19:54Z,auth,auth_enUS_labelerexp,at://did:plc:uywin2l2ipb7lwea22wnhzd3/app.bsky.feed.post/3mfyp7tuufk2x,6,0,0,0
677ede042caf48c384446ddbc6cc4a83,2026-03-01T13:00:00Z,2026-03-01T13:19:54Z,auth,auth_enUS_labelerexp,at://did:plc:lvnaz3staekgtagqs3xpbrpi/app.bsky.feed.post/3mfyozqfv7s2d,19,8,1,0
677ede042caf48c384446ddbc6cc4a83,2026-03-01T13:00:00Z,2026-03-01T13:19:54Z,auth,auth_enUS_labelerexp,at://did:plc:t5qg6s6nqg42d3h5uxsw3bhs/app.bsky.feed.post/3mfyoyunvem2n,3,1,0,0
677ede042caf48c384446ddbc6cc4a83,2026-03-01T13:00:00Z,2026-03-01T13:19:54Z,auth,auth_enUS_labelerexp,at://did:plc:qcduiscmt7m7rb6oshsynzve/app.bsky.feed.post/3mfyoxvyn442f,6,1,1,0
677ede042caf48c384446ddbc6cc4a83,2026-03-01T13:00:00Z,2026-03-01T13:19:54Z,auth,auth_enUS_labelerexp,at://did:plc:ombhuywo2cl4u54m5qjd3wlu/app.bsky.feed.post/3mfyowqxpt22k,5,0,1,0
677ede042caf48c384446ddbc6cc4a83,2026-03-01T13:00:00Z,2026-03-01T13:19:54Z,auth,auth_enUS_labelerexp,at://did:plc:dropi2kn6efbvdkrjh3cp6pl/app.bsky.feed.post/3mfyowq3ji22e,1,0,1,0
677ede042caf48c384446ddbc6cc4a83,2026-03-01T13:00:00Z,2026-03-01T13:19:54Z,auth,auth_enUS_labelerexp,at://did:plc:bzp54bk2vxonuxd2snwpi4nh/app.bsky.feed.post/3mfyou4qwgc2g,112,23,6,0
677ede042caf48c384446ddbc6cc4a83,2026-03-01T13:00:00Z,2026-03-01T13:19:54Z,auth,auth_enUS_labelerexp,at://did:plc:icy53qfhd3uwdgsblj3ojei4/app.bsky.feed.post/3mfyos3bol22s,2,1,1,0
677ede042caf48c384446ddbc6cc4a83,2026-03-01T13:00:00Z,2026-03-01T13:19:54Z,auth,auth_enUS_labelerexp,at://did:plc:mlrmloms7my7erpmxa6q7od6/app.bsky.feed.post/3mfyorm3gys2i,1,0,1,0
677ede042caf48c384446ddbc6cc4a83,2026-03-01T13:00:00Z,2026-03-01T13:19:54Z,auth,auth_enUS_labelerexp,at://did:plc:dimz6wptjhruldhrmxuk7ggm/app.bsky.feed.post/3mfyomyzl4c2d,1,0,1,0
677ede042caf48c384446ddbc6cc4a83,2026-03-01T13:00:00Z,2026-03-01T13:19:54Z,auth,auth_enUS_labelerexp,at://did:plc:pg66uw4jdrugdghcbrnmnsvl/app.bsky.feed.post/3mfyomm7e5s2w,2,0,0,0
677ede042caf48c384446ddbc6cc4a83,2026-03-01T13:00:00Z,2026-03-01T13:19:54Z,auth,auth_enUS_labelerexp,at://did:plc:m63lujzgvam4d5c6gdrfy3il/app.bsky.feed.post/3mfyolyxk422o,5,0,0,0
677ede042caf48c384446ddbc6cc4a83,2026-03-01T13:00:00Z,2026-03-01T13:19:54Z,auth,auth_enUS_labelerexp,at://did:plc:i3wlhspzpbji26osriolvfwa/app.bsky.feed.post/3mfyoho626c2l,1,0,0,0
677ede042caf48c384446ddbc6cc4a83,2026-03-01T13:00:00Z,2026-03-01T13:19:54Z,auth,auth_enUS_labelerexp,at://did:plc:z75za4gxm26tsv6wjdavmk4o/app.bsky.feed.post/3mfyobweafk2d,2,0,0,0
677ede042caf48c384446ddbc6cc4a83,2026-03-01T13:00:00Z,2026-03-01T13:19:54Z,auth,auth_enUS_labelerexp,at://did:plc:z66o4nrzcpmk65kj7idvcukv/app.bsky.feed.post/3mfyoahn7lc27,5,2,0,1
677ede042caf48c384446ddbc6cc4a83,2026-03-01T13:00:00Z,2026-03-01T13:19:55Z,auth,auth_enUS_labelerexp,at://did:plc:4imujuygqj7lw7cbkev543yc/app.bsky.feed.post/3mfypfsr2cs2i,0,0,1,0
677ede042caf48c384446ddbc6cc4a83,2026-03-01T13:00:00Z,2026-03-01T13:19:55Z,auth,auth_enUS_labelerexp,at://did:plc:cjrw26gsmm3krgp7pcoob3js/app.bsky.feed.post/3mfyo6xuhns2v,0,1,0,0
677ede042caf48c384446ddbc6cc4a83,2026-03-01T13:00:00Z,2026-03-01T13:19:55Z,auth,auth_enUS_labelerexp,at://did:plc:zy2cqq552fd52o6jg6aegh5n/app.bsky.feed.post/3mfymnx5lfk2j,0,0,0,0
677ede042caf48c384446ddbc6cc4a83,2026-03-01T13:00:00Z,2026-03-01T13:19:55Z,auth,auth_enUS_labelerexp,at://did:plc:sfrgbwxz4lh7yjyhabmvib4a/app.bsky.feed.post/3mfylsla7x22i,0,0,2,0
677ede042caf48c384446ddbc6cc4a83,2026-03-01T13:00:00Z,2026-03-01T13:19:55Z,auth,auth_enUS_labelerexp,at://did:plc:pjaq65rlh476irfl5dfggi5j/app.bsky.feed.post/3mfykghpcoc2i,1,1,0,0
677ede042caf48c384446ddbc6cc4a83,2026-03-01T13:00:00Z,2026-03-01T13:19:55Z,auth,auth_enUS_labelerexp,at://did:plc:5h4xkycdhp2jd3fjepexau32/app.bsky.feed.post/3mfyhiyvazu2k,1,0,0,1
677ede042caf48c384446ddbc6cc4a83,2026-03-01T13:00:00Z,2026-03-01T13:19:55Z,auth,auth_enUS_labelerexp,at://did:plc:5h4xkycdhp2jd3fjepexau32/app.bsky.feed.post/3mfyhiyttpm2t,1,0,0,0
677ede042caf48c384446ddbc6cc4a83,2026-03-01T13:00:00Z,2026-03-01T13:19:55Z,auth,auth_enUS_labelerexp,at://did:plc:kkergqgbhb56ptpwj2wenkje/app.bsky.feed.post/3mfydq37oln2j,1,0,0,1
677ede042caf48c384446ddbc6cc4a83,2026-03-01T13:00:00Z,2026-03-01T13:19:55Z,auth,auth_enUS_labelerexp,at://did:plc:cqrzslt6e2zbfpaqavylds4j/app.bsky.feed.post/3mfycqwpoz22v,2,0,0,0
677ede042caf48c384446ddbc6cc4a83,2026-03-01T13:00:00Z,2026-03-01T13:19:55Z,auth,auth_enUS_labelerexp,at://did:plc:t4qjao6o2xfwavfc5ewwvosg/app.bsky.feed.post/3mfy64jso5k2y,7,1,1,2
677ede042caf48c384446ddbc6cc4a83,2026-03-01T13:00:00Z,2026-03-01T13:19:55Z,auth,auth_enUS_labelerexp,at://did:plc:kkergqgbhb56ptpwj2wenkje/app.bsky.feed.post/3mfxyjky2ju2u,1,0,0,0
677ede042caf48c384446ddbc6cc4a83,2026-03-01T13:00:00Z,2026-03-01T13:19:55Z,auth,auth_enUS_labelerexp,at://did:plc:qq7uiyjzzcqdx4pqh4uwze4b/app.bsky.feed.post/3mfxt7zvlqlr2,1,3,1,0
677ede042caf48c384446ddbc6cc4a83,2026-03-01T13:00:00Z,2026-03-01T13:19:55Z,auth,auth_enUS_labelerexp,at://did:plc:7x6xshhjou4ijit5qjvyput3/app.bsky.feed.post/3mfxt7b4k4t2m,0,0,0,0
677ede042caf48c384446ddbc6cc4a83,2026-03-01T13:00:00Z,2026-03-01T13:19:55Z,auth,auth_enUS_labelerexp,at://did:plc:2yr3qi3r3pvwye4paztbumv4/app.bsky.feed.post/3mfxe4rmugc2w,0,1,0,0
677ede042caf48c384446ddbc6cc4a83,2026-03-01T13:00:00Z,2026-03-01T13:19:55Z,auth,auth_enUS_labelerexp,at://did:plc:pdvjdejvjinix4lnt4sgzg7r/app.bsky.feed.post/3mfxdxaxobc2o,0,0,0,0
677ede042caf48c384446ddbc6cc4a83,2026-03-01T13:00:00Z,2026-03-01T13:19:55Z,auth,auth_enUS_labelerexp,at://did:plc:pdvjdejvjinix4lnt4sgzg7r/app.bsky.feed.post/3mfxdutzgag2v,0,0,0,0
677ede042caf48c384446ddbc6cc4a83,2026-03-01T13:00:00Z,2026-03-01T13:19:55Z,auth,auth_enUS_labelerexp,at://did:plc:pdvjdejvjinix4lnt4sgzg7r/app.bsky.feed.post/3mfxdrpy7r62v,0,0,0,0
677ede042caf48c384446ddbc6cc4a83,2026-03-01T13:00:00Z,2026-03-01T13:19:55Z,auth,auth_enUS_labelerexp,at://did:plc:ski5stfaobipysnfmeh4oy5l/app.bsky.feed.post/3mfxbyoccku2d,0,0,0,0
677ede042caf48c384446ddbc6cc4a83,2026-03-01T13:00:00Z,2026-03-01T13:19:55Z,auth,auth_enUS_labelerexp,at://did:plc:ski5stfaobipysnfmeh4oy5l/app.bsky.feed.post/3mfxbxlyjth2q,0,0,0,0
677ede042caf48c384446ddbc6cc4a83,2026-03-01T13:00:00Z,2026-03-01T13:19:55Z,auth,auth_enUS_labelerexp,at://did:plc:ski5stfaobipysnfmeh4oy5l/app.bsky.feed.post/3mfxbvsw3wl23,0,0,0,0
677ede042caf48c384446ddbc6cc4a83,2026-03-01T13:00:00Z,2026-03-01T13:19:55Z,auth,auth_enUS_labelerexp,at://did:plc:rb3ifzfd6wzgzxxs62cpbiyz/app.bsky.feed.post/3mfxbg2b3uc2o,1,0,0,0
677ede042caf48c384446ddbc6cc4a83,2026-03-01T13:00:00Z,2026-03-01T13:19:55Z,auth,auth_enUS_labelerexp,at://did:plc:xiuu2ngw4fsjw7uqcyk3dxez/app.bsky.feed.post/3mfxaswuodk2n,1,0,0,0
677ede042caf48c384446ddbc6cc4a83,2026-03-01T13:00:00Z,2026-03-01T13:19:55Z,auth,auth_enUS_labelerexp,at://did:plc:45o4rwdpuhtmjk4wt446pmqp/app.bsky.feed.post/3mfx7jhzjxc2u,1,0,0,0
677ede042caf48c384446ddbc6cc4a83,2026-03-01T13:00:00Z,2026-03-01T13:19:55Z,auth,auth_enUS_labelerexp,at://did:plc:kkcqojrtuigckovqvvyg2xva/app.bsky.feed.post/3mfx6hmsxsk2g,0,0,0,0
677ede042caf48c384446ddbc6cc4a83,2026-03-01T13:00:00Z,2026-03-01T13:19:55Z,auth,auth_enUS_labelerexp,at://did:plc:kkergqgbhb56ptpwj2wenkje/app.bsky.feed.post/3mfx4fgojo62j,0,0,0,0
677ede042caf48c384446ddbc6cc4a83,2026-03-01T13:00:00Z,2026-03-01T13:19:55Z,auth,auth_enUS_labelerexp,at://did:plc:kkergqgbhb56ptpwj2wenkje/app.bsky.feed.post/3mfx47xt3ca2t,0,0,0,0
677ede042caf48c384446ddbc6cc4a83,2026-03-01T13:00:00Z,2026-03-01T13:19:55Z,auth,auth_enUS_labelerexp,at://did:plc:kkergqgbhb56ptpwj2wenkje/app.bsky.feed.post/3mfx435zm632i,0,0,0,0
677ede042caf48c384446ddbc6cc4a83,2026-03-01T13:00:00Z,2026-03-01T13:19:55Z,auth,auth_enUS_labelerexp,at://did:plc:kkergqgbhb56ptpwj2wenkje/app.bsky.feed.post/3mfx3vertc32n,0,0,0,0
677ede042caf48c384446ddbc6cc4a83,2026-03-01T13:00:00Z,2026-03-01T13:19:55Z,auth,auth_enUS_labelerexp,at://did:plc:kkergqgbhb56ptpwj2wenkje/app.bsky.feed.post/3mfx3rnzlub2b,0,0,0,0
677ede042caf48c384446ddbc6cc4a83,2026-03-01T13:00:00Z,2026-03-01T13:19:55Z,auth,auth_enUS_labelerexp,at://did:plc:kkergqgbhb56ptpwj2wenkje/app.bsky.feed.post/3mfx3mc4ol32n,0,0,0,0
677ede042caf48c384446ddbc6cc4a83,2026-03-01T13:00:00Z,2026-03-01T13:19:55Z,auth,auth_enUS_labelerexp,at://did:plc:kkergqgbhb56ptpwj2wenkje/app.bsky.feed.post/3mfx3f4wi252j,0,0,0,0
677ede042caf48c384446ddbc6cc4a83,2026-03-01T13:00:00Z,2026-03-01T13:19:55Z,auth,auth_enUS_labelerexp,at://did:plc:kkergqgbhb56ptpwj2wenkje/app.bsky.feed.post/3mfx35nb6bp23,0,0,0,0
677ede042caf48c384446ddbc6cc4a83,2026-03-01T13:00:00Z,2026-03-01T13:19:55Z,auth,auth_enUS_labelerexp,at://did:plc:xkqtqyz7bkdlluruvdk5ftkb/app.bsky.feed.post/3mfwyzfwr3s2t,3,0,2,0
677ede042caf48c384446ddbc6cc4a83,2026-03-01T13:00:00Z,2026-03-01T13:19:55Z,auth,auth_enUS_labelerexp,at://did:plc:tylv4nlfeg2mrmlvm2hwhbll/app.bsky.feed.post/3mfwxe56bfs2j,0,0,1,0
677ede042caf48c384446ddbc6cc4a83,2026-03-01T13:00:00Z,2026-03-01T13:19:55Z,auth,auth_enUS_labelerexp,at://did:plc:g5z2usjbi3a5bd65onpfvp7w/app.bsky.feed.post/3mfwx5d6jcn2n,0,0,0,0
677ede042caf48c384446ddbc6cc4a83,2026-03-01T13:00:00Z,2026-03-01T13:19:55Z,auth,auth_enUS_labelerexp,at://did:plc:gzq3ylkh5sovb6cu5ashfrmb/app.bsky.feed.post/3mfwwfend7c2d,0,0,0,1
677ede042caf48c384446ddbc6cc4a83,2026-03-01T13:00:00Z,2026-03-01T13:19:55Z,auth,auth_enUS_labelerexp,at://did:plc:trbag5pgiukdnv72hwze2p3s/app.bsky.feed.post/3mfww4x4mxs2g,0,0,0,0
677ede042caf48c384446ddbc6cc4a83,2026-03-01T13:00:00Z,2026-03-01T13:19:55Z,auth,auth_enUS_labelerexp,at://did:plc:7qxzsfmockktzpcqluzgdzkp/app.bsky.feed.post/3mfwv4dsfls2e,0,0,0,0
677ede042caf48c384446ddbc6cc4a83,2026-03-01T13:00:00Z,2026-03-01T13:19:55Z,auth,auth_enUS_labelerexp,at://did:plc:ski5stfaobipysnfmeh4oy5l/app.bsky.feed.post/3mfwskatcpe22,0,0,0,0
677ede042caf48c384446ddbc6cc4a83,2026-03-01T13:00:00Z,2026-03-01T13:19:55Z,auth,auth_enUS_labelerexp,at://did:plc:ysc73isz7jkgr4ozyn6azo77/app.bsky.feed.post/3mfwqu5ax6a2v,5,0,0,1
677ede042caf48c384446ddbc6cc4a83,2026-03-01T13:00:00Z,2026-03-01T13:19:55Z,auth,auth_enUS_labelerexp,at://did:plc:6u5peyemqcgucnt4xao7kkdh/app.bsky.feed.post/3mfwpyj4xhc2n,2,0,0,0
677ede042caf48c384446ddbc6cc4a83,2026-03-01T13:00:00Z,2026-03-01T13:19:55Z,auth,auth_enUS_labelerexp,at://did:plc:yurczx5d7ii3laavi2mneulv/app.bsky.feed.post/3mfwnw2n7522t,7,3,0,0
677ede042caf48c384446ddbc6cc4a83,2026-03-01T13:00:00Z,2026-03-01T13:19:55Z,auth,auth_enUS_labelerexp,at://did:plc:kkergqgbhb56ptpwj2wenkje/app.bsky.feed.post/3mfwnsr4b7223,0,0,0,0
677ede042caf48c384446ddbc6cc4a83,2026-03-01T13:00:00Z,2026-03-01T13:19:55Z,auth,auth_enUS_labelerexp,at://did:plc:ar4b2twigdsv4hsoxo6lrv5c/app.bsky.feed.post/3mfwnizjfdo2z,0,0,0,0
677ede042caf48c384446ddbc6cc4a83,2026-03-01T13:00:00Z,2026-03-01T13:19:55Z,auth,auth_enUS_labelerexp,at://did:plc:k7rslm2hwgqb3o254t5g4uds/app.bsky.feed.post/3mfwbyzbwf72x,0,0,0,0
677ede042caf48c384446ddbc6cc4a83,2026-03-01T13:00:00Z,2026-03-01T13:19:55Z,auth,auth_enUS_labelerexp,at://did:plc:ywksxrl4aelg3uebawnnhrt3/app.bsky.feed.post/3mfwbwcei4c2z,1,0,1,0
677ede042caf48c384446ddbc6cc4a83,2026-03-01T13:00:00Z,2026-03-01T13:19:55Z,auth,auth_enUS_labelerexp,at://did:plc:kkergqgbhb56ptpwj2wenkje/app.bsky.feed.post/3mfwbtehl6z2j,0,0,0,0
677ede042caf48c384446ddbc6cc4a83,2026-03-01T13:00:00Z,2026-03-01T13:19:55Z,auth,auth_enUS_labelerexp,at://did:plc:kyfvz3uihbbgaq6s7m5yjsyl/app.bsky.feed.post/3mfwbklsp6s2a,0,0,0,0
677ede042caf48c384446ddbc6cc4a83,2026-03-01T13:00:00Z,2026-03-01T13:19:55Z,auth,auth_enUS_labelerexp,at://did:plc:5pjj7ieuxydayl3ryhlmimfa/app.bsky.feed.post/3mfwbecqnk22d,1,0,0,0
677ede042caf48c384446ddbc6cc4a83,2026-03-01T13:00:00Z,2026-03-01T13:19:55Z,auth,auth_enUS_labelerexp,at://did:plc:oq26qxzl335aptxx2mpilk2w/app.bsky.feed.post/3mfw6mskh4227,3,0,0,0
677ede042caf48c384446ddbc6cc4a83,2026-03-01T13:00:00Z,2026-03-01T13:19:56Z,auth,auth_enUS_labelerexp,at://did:plc:dcxkynvfkahhtkkrqbr63c47/app.bsky.feed.post/3mfysuirdvc26,1,0,0,0
677ede042caf48c384446ddbc6cc4a83,2026-03-01T13:00:00Z,2026-03-01T13:19:56Z,auth,auth_enUS_labelerexp,at://did:plc:dfkgwugpb72ncnoggwqxuhyv/app.bsky.feed.post/3mfys37p6k22n,5,0,0,0
677ede042caf48c384446ddbc6cc4a83,2026-03-01T13:00:00Z,2026-03-01T13:19:56Z,auth,auth_enUS_labelerexp,at://did:plc:6xbg2rsccuxrtohgdbe5u2sk/app.bsky.feed.post/3mfyqsjahs224,0,0,0,0
677ede042caf48c384446ddbc6cc4a83,2026-03-01T13:00:00Z,2026-03-01T13:19:56Z,auth,auth_enUS_labelerexp,at://did:plc:ifg75jgej6jmqi3oreeswp4b/app.bsky.feed.post/3mfynkcgsus2k,1,0,0,0
677ede042caf48c384446ddbc6cc4a83,2026-03-01T13:00:00Z,2026-03-01T13:19:56Z,auth,auth_enUS_labelerexp,at://did:plc:ifg75jgej6jmqi3oreeswp4b/app.bsky.feed.post/3mfylvamvb22r,2,1,1,0
677ede042caf48c384446ddbc6cc4a83,2026-03-01T13:00:00Z,2026-03-01T13:19:56Z,auth,auth_enUS_labelerexp,at://did:plc:ifg75jgej6jmqi3oreeswp4b/app.bsky.feed.post/3mfylsgd2nk22,0,0,1,0
677ede042caf48c384446ddbc6cc4a83,2026-03-01T13:00:00Z,2026-03-01T13:19:56Z,auth,auth_enUS_labelerexp,at://did:plc:6styobqnjkrow5ganamyf4qu/app.bsky.feed.post/3mfylmtgurb2q,0,0,0,0
677ede042caf48c384446ddbc6cc4a83,2026-03-01T13:00:00Z,2026-03-01T13:19:56Z,auth,auth_enUS_labelerexp,at://did:plc:ifg75jgej6jmqi3oreeswp4b/app.bsky.feed.post/3mfylgexefc2n,1,0,0,0
677ede042caf48c384446ddbc6cc4a83,2026-03-01T13:00:00Z,2026-03-01T13:19:56Z,auth,auth_enUS_labelerexp,at://did:plc:6styobqnjkrow5ganamyf4qu/app.bsky.feed.post/3mfylc5jkdg2v,1,0,1,0
677ede042caf48c384446ddbc6cc4a83,2026-03-01T13:00:00Z,2026-03-01T13:19:56Z,auth,auth_enUS_labelerexp,at://did:plc:6styobqnjkrow5ganamyf4qu/app.bsky.feed.post/3mfylaefaiq2z,0,0,1,0
677ede042caf48c384446ddbc6cc4a83,2026-03-01T13:00:00Z,2026-03-01T13:19:56Z,auth,auth_enUS_labelerexp,at://did:plc:6styobqnjkrow5ganamyf4qu/app.bsky.feed.post/3mfyl4ryhph2u,0,0,1,0
677ede042caf48c384446ddbc6cc4a83,2026-03-01T13:00:00Z,2026-03-01T13:19:56Z,auth,auth_enUS_labelerexp,at://did:plc:6styobqnjkrow5ganamyf4qu/app.bsky.feed.post/3mfykqc3ydt23,0,0,1,0
677ede042caf48c384446ddbc6cc4a83,2026-03-01T13:00:00Z,2026-03-01T13:19:56Z,auth,auth_enUS_labelerexp,at://did:plc:6styobqnjkrow5ganamyf4qu/app.bsky.feed.post/3mfykq7bpl62m,0,0,1,0
677ede042caf48c384446ddbc6cc4a83,2026-03-01T13:00:00Z,2026-03-01T13:19:56Z,auth,auth_enUS_labelerexp,at://did:plc:6styobqnjkrow5ganamyf4qu/app.bsky.feed.post/3mfykq4mzmg2m,0,0,1,0
677ede042caf48c384446ddbc6cc4a83,2026-03-01T13:00:00Z,2026-03-01T13:19:56Z,auth,auth_enUS_labelerexp,at://did:plc:6styobqnjkrow5ganamyf4qu/app.bsky.feed.post/3mfykmzv4ha2a,1,0,1,0
677ede042caf48c384446ddbc6cc4a83,2026-03-01T13:00:00Z,2026-03-01T13:19:56Z,auth,auth_enUS_labelerexp,at://did:plc:6styobqnjkrow5ganamyf4qu/app.bsky.feed.post/3mfyklt5ltn2q,0,0,0,0
677ede042caf48c384446ddbc6cc4a83,2026-03-01T13:00:00Z,2026-03-01T13:19:56Z,auth,auth_enUS_labelerexp,at://did:plc:s75iwcl5rnj2rmraeh3fdoyy/app.bsky.feed.post/3mfykeyfkak2l,0,0,0,0
677ede042caf48c384446ddbc6cc4a83,2026-03-01T13:00:00Z,2026-03-01T13:19:56Z,auth,auth_enUS_labelerexp,at://did:plc:hp7lptpcc7pb3kund3yzeb4y/app.bsky.feed.post/3mfyjhwhoc227,0,0,0,0
677ede042caf48c384446ddbc6cc4a83,2026-03-01T13:00:00Z,2026-03-01T13:19:56Z,auth,auth_enUS_labelerexp,at://did:plc:s75iwcl5rnj2rmraeh3fdoyy/app.bsky.feed.post/3mfyjfxuths2a,1,0,0,0
677ede042caf48c384446ddbc6cc4a83,2026-03-01T13:00:00Z,2026-03-01T13:19:56Z,auth,auth_enUS_labelerexp,at://did:plc:6styobqnjkrow5ganamyf4qu/app.bsky.feed.post/3mfyjcnde5f2a,0,0,1,0
677ede042caf48c384446ddbc6cc4a83,2026-03-01T13:00:00Z,2026-03-01T13:19:56Z,auth,auth_enUS_labelerexp,at://did:plc:6styobqnjkrow5ganamyf4qu/app.bsky.feed.post/3mfyjckmuia2l,0,0,1,0
677ede042caf48c384446ddbc6cc4a83,2026-03-01T13:00:00Z,2026-03-01T13:19:56Z,auth,auth_enUS_labelerexp,at://did:plc:ys4of6tshyfdkfh64midtaj4/app.bsky.feed.post/3mfyjbhuhv52a,2,0,0,0
677ede042caf48c384446ddbc6cc4a83,2026-03-01T13:00:00Z,2026-03-01T13:19:56Z,auth,auth_enUS_labelerexp,at://did:plc:6styobqnjkrow5ganamyf4qu/app.bsky.feed.post/3mfyj4qr7if2w,0,0,1,0
677ede042caf48c384446ddbc6cc4a83,2026-03-01T13:00:00Z,2026-03-01T13:19:56Z,auth,auth_enUS_labelerexp,at://did:plc:6styobqnjkrow5ganamyf4qu/app.bsky.feed.post/3mfyj2dwqfa2l,0,0,1,0
677ede042caf48c384446ddbc6cc4a83,2026-03-01T13:00:00Z,2026-03-01T13:19:56Z,auth,auth_enUS_labelerexp,at://did:plc:6styobqnjkrow5ganamyf4qu/app.bsky.feed.post/3mfyiwqhle52a,3,0,1,0
677ede042caf48c384446ddbc6cc4a83,2026-03-01T13:00:00Z,2026-03-01T13:19:56Z,auth,auth_enUS_labelerexp,at://did:plc:s75iwcl5rnj2rmraeh3fdoyy/app.bsky.feed.post/3mfyijwripc2e,1,0,0,0
677ede042caf48c384446ddbc6cc4a83,2026-03-01T13:00:00Z,2026-03-01T13:19:56Z,auth,auth_enUS_labelerexp,at://did:plc:s75iwcl5rnj2rmraeh3fdoyy/app.bsky.feed.post/3mfyhne4tzk2g,1,0,0,0
677ede042caf48c384446ddbc6cc4a83,2026-03-01T13:00:00Z,2026-03-01T13:19:56Z,auth,auth_enUS_labelerexp,at://did:plc:s75iwcl5rnj2rmraeh3fdoyy/app.bsky.feed.post/3mfyhksxgtk25,3,0,0,0
677ede042caf48c384446ddbc6cc4a83,2026-03-01T13:00:00Z,2026-03-01T13:19:56Z,auth,auth_enUS_labelerexp,at://did:plc:s75iwcl5rnj2rmraeh3fdoyy/app.bsky.feed.post/3mfyhjb2s2s25,1,1,1,0
677ede042caf48c384446ddbc6cc4a83,2026-03-01T13:00:00Z,2026-03-01T13:19:56Z,auth,auth_enUS_labelerexp,at://did:plc:ys4of6tshyfdkfh64midtaj4/app.bsky.feed.post/3mfyh34wid22q,1,0,0,0
677ede042caf48c384446ddbc6cc4a83,2026-03-01T13:00:00Z,2026-03-01T13:19:56Z,auth,auth_enUS_labelerexp,at://did:plc:6styobqnjkrow5ganamyf4qu/app.bsky.feed.post/3mfyguhqbdp2a,0,0,0,0
677ede042caf48c384446ddbc6cc4a83,2026-03-01T13:00:00Z,2026-03-01T13:19:56Z,auth,auth_enUS_labelerexp,at://did:plc:6styobqnjkrow5ganamyf4qu/app.bsky.feed.post/3mfygugdexc2w,0,0,1,0
677ede042caf48c384446ddbc6cc4a83,2026-03-01T13:00:00Z,2026-03-01T13:19:56Z,auth,auth_enUS_labelerexp,at://did:plc:n773ecg7pdbwdsxw4a3cjuzq/app.bsky.feed.post/3mfygodskdc22,2,1,0,0
677ede042caf48c384446ddbc6cc4a83,2026-03-01T13:00:00Z,2026-03-01T13:19:56Z,auth,auth_enUS_labelerexp,at://did:plc:ypwk3a2va4sjhf635v2buswn/app.bsky.feed.post/3mfyggksdvs2b,23,10,0,0
677ede042caf48c384446ddbc6cc4a83,2026-03-01T13:00:00Z,2026-03-01T13:19:56Z,auth,auth_enUS_labelerexp,at://did:plc:i53avvzsmrpoxan6fedcrcfk/app.bsky.feed.post/3mfygg7sxrc2c,4,2,1,0
677ede042caf48c384446ddbc6cc4a83,2026-03-01T13:00:00Z,2026-03-01T13:19:56Z,auth,auth_enUS_labelerexp,at://did:plc:xnqkhmlakhl2b6rfuxf62f6n/app.bsky.feed.post/3mfyg2rakps2b,10,4,0,0
677ede042caf48c384446ddbc6cc4a83,2026-03-01T13:00:00Z,2026-03-01T13:19:56Z,auth,auth_enUS_labelerexp,at://did:plc:6styobqnjkrow5ganamyf4qu/app.bsky.feed.post/3mfyfu6cj2c2w,1,0,1,0
677ede042caf48c384446ddbc6cc4a83,2026-03-01T13:00:00Z,2026-03-01T13:19:56Z,auth,auth_enUS_labelerexp,at://did:plc:ys4of6tshyfdkfh64midtaj4/app.bsky.feed.post/3mfyfapxiry2u,1,0,0,0
677ede042caf48c384446ddbc6cc4a83,2026-03-01T13:00:00Z,2026-03-01T13:19:56Z,auth,auth_enUS_labelerexp,at://did:plc:ys4of6tshyfdkfh64midtaj4/app.bsky.feed.post/3mfyemhlhm72i,0,0,0,0
677ede042caf48c384446ddbc6cc4a83,2026-03-01T13:00:00Z,2026-03-01T13:19:56Z,auth,auth_enUS_labelerexp,at://did:plc:ywwbhwuq4sszjve7kdshnahd/app.bsky.feed.post/3mfye5jorr22w,0,0,0,0
677ede042caf48c384446ddbc6cc4a83,2026-03-01T13:00:00Z,2026-03-01T13:19:56Z,auth,auth_enUS_labelerexp,at://did:plc:v3zuw6y5dxbomqtorj7psyn5/app.bsky.feed.post/3mfydctcvdt27,9,0,0,0
677ede042caf48c384446ddbc6cc4a83,2026-03-01T13:00:00Z,2026-03-01T13:19:56Z,auth,auth_enUS_labelerexp,at://did:plc:ys4of6tshyfdkfh64midtaj4/app.bsky.feed.post/3mfy6k57f2e23,2,0,0,0
677ede042caf48c384446ddbc6cc4a83,2026-03-01T13:00:00Z,2026-03-01T13:19:56Z,auth,auth_enUS_labelerexp,at://did:plc:ys4of6tshyfdkfh64midtaj4/app.bsky.feed.post/3mfy2camhsh2m,0,0,0,0
677ede042caf48c384446ddbc6cc4a83,2026-03-01T13:00:00Z,2026-03-01T13:19:56Z,auth,auth_enUS_labelerexp,at://did:plc:ninktfgxxg4l75yran3qfopi/app.bsky.feed.post/3mfxy3p4vrs2g,4,1,1,0
677ede042caf48c384446ddbc6cc4a83,2026-03-01T13:00:00Z,2026-03-01T13:19:56Z,auth,auth_enUS_labelerexp,at://did:plc:6styobqnjkrow5ganamyf4qu/app.bsky.feed.post/3mfxwhyhu3n2v,0,0,0,0
677ede042caf48c384446ddbc6cc4a83,2026-03-01T13:00:00Z,2026-03-01T13:19:56Z,auth,auth_enUS_labelerexp,at://did:plc:6styobqnjkrow5ganamyf4qu/app.bsky.feed.post/3mfxwe33bqf25,0,0,0,0
677ede042caf48c384446ddbc6cc4a83,2026-03-01T13:00:00Z,2026-03-01T13:19:56Z,auth,auth_enUS_labelerexp,at://did:plc:tbezmmltvdtjthfeaftfoop6/app.bsky.feed.post/3mfxwcfollk2y,26,0,5,0
677ede042caf48c384446ddbc6cc4a83,2026-03-01T13:00:00Z,2026-03-01T13:19:56Z,auth,auth_enUS_labelerexp,at://did:plc:6styobqnjkrow5ganamyf4qu/app.bsky.feed.post/3mfxwcet46m2q,1,0,2,0
677ede042caf48c384446ddbc6cc4a83,2026-03-01T13:00:00Z,2026-03-01T13:19:56Z,auth,auth_enUS_labelerexp,at://did:plc:6styobqnjkrow5ganamyf4qu/app.bsky.feed.post/3mfxvxnjybj2w,0,0,1,0
677ede042caf48c384446ddbc6cc4a83,2026-03-01T13:00:00Z,2026-03-01T13:19:56Z,auth,auth_enUS_labelerexp,at://did:plc:6styobqnjkrow5ganamyf4qu/app.bsky.feed.post/3mfxvl5fliz2i,0,0,1,0
677ede042caf48c384446ddbc6cc4a83,2026-03-01T13:00:00Z,2026-03-01T13:19:57Z,auth,auth_enUS_labelerexp,at://did:plc:s2dfkp2ajpoam2ofssaqakxr/app.bsky.feed.post/3mfytbxqgds2i,0,0,0,0
677ede042caf48c384446ddbc6cc4a83,2026-03-01T13:00:00Z,2026-03-01T13:19:57Z,auth,auth_enUS_labelerexp,at://did:plc:ob7ntspn66exrens6mj77k7t/app.bsky.feed.post/3mfytbuoog22v,0,0,0,0
677ede042caf48c384446ddbc6cc4a83,2026-03-01T13:00:00Z,2026-03-01T13:19:57Z,auth,auth_enUS_labelerexp,at://did:plc:v4khieueou5vrdaqceshu73a/app.bsky.feed.post/3mfytbu6yhk2v,0,0,0,0
677ede042caf48c384446ddbc6cc4a83,2026-03-01T13:00:00Z,2026-03-01T13:19:57Z,auth,auth_enUS_labelerexp,at://did:plc:brrsgn2cdowiye4pnfyxjovg/app.bsky.feed.post/3mfytbu5ph22d,0,0,0,0
677ede042caf48c384446ddbc6cc4a83,2026-03-01T13:00:00Z,2026-03-01T13:19:57Z,auth,auth_enUS_labelerexp,at://did:plc:ahrijqc3ma35s3xdtmuorpz5/app.bsky.feed.post/3mfytbrtpbs2v,0,0,0,0
677ede042caf48c384446ddbc6cc4a83,2026-03-01T13:00:00Z,2026-03-01T13:19:57Z,auth,auth_enUS_labelerexp,at://did:plc:5rg4sbiiiesfe563zzqumetx/app.bsky.feed.post/3mfytbqlqxk2g,0,0,0,0
677ede042caf48c384446ddbc6cc4a83,2026-03-01T13:00:00Z,2026-03-01T13:19:57Z,auth,auth_enUS_labelerexp,at://did:plc:puxltid4xnx225huccndplhk/app.bsky.feed.post/3mfytbq3dl22w,0,0,0,0
677ede042caf48c384446ddbc6cc4a83,2026-03-01T13:00:00Z,2026-03-01T13:19:57Z,auth,auth_enUS_labelerexp,at://did:plc:jdx66evvc32gl2gpvodv5t7p/app.bsky.feed.post/3mfytbqwhjrx2,0,0,0,0
677ede042caf48c384446ddbc6cc4a83,2026-03-01T13:00:00Z,2026-03-01T13:19:57Z,auth,auth_enUS_labelerexp,at://did:plc:pfpeez7c2oqpqdcy43gsyj5w/app.bsky.feed.post/3mfytbplrjk2j,0,0,0,0
677ede042caf48c384446ddbc6cc4a83,2026-03-01T13:00:00Z,2026-03-01T13:19:57Z,auth,auth_enUS_labelerexp,at://did:plc:bd6mtntheuuoi7h5r3dbm3u3/app.bsky.feed.post/3mfytbp5v6s2j,0,0,0,0
677ede042caf48c384446ddbc6cc4a83,2026-03-01T13:00:00Z,2026-03-01T13:19:57Z,auth,auth_enUS_labelerexp,at://did:plc:5a6eaelhuk4lwf3co6qh3aha/app.bsky.feed.post/3mfytbnjt6c2j,0,0,0,0
677ede042caf48c384446ddbc6cc4a83,2026-03-01T13:00:00Z,2026-03-01T13:19:57Z,auth,auth_enUS_labelerexp,at://did:plc:jbdrhadsthrumwfpejlllonb/app.bsky.feed.post/3mfytbmlans2s,0,0,0,0
677ede042caf48c384446ddbc6cc4a83,2026-03-01T13:00:00Z,2026-03-01T13:19:57Z,auth,auth_enUS_labelerexp,at://did:plc:fko4v3dhtldserm3l5lzjix2/app.bsky.feed.post/3mfytbllssc2d,0,0,0,0
677ede042caf48c384446ddbc6cc4a83,2026-03-01T13:00:00Z,2026-03-01T13:19:57Z,auth,auth_enUS_labelerexp,at://did:plc:llzseiw3bdjq4uvcqrd6oagj/app.bsky.feed.post/3mfytbll7bc2v,0,0,0,0
677ede042caf48c384446ddbc6cc4a83,2026-03-01T13:00:00Z,2026-03-01T13:19:57Z,auth,auth_enUS_labelerexp,at://did:plc:6dvcy6vo65rj2a4k4urylu22/app.bsky.feed.post/3mfytbj5hxk2j,0,0,0,0
677ede042caf48c384446ddbc6cc4a83,2026-03-01T13:00:00Z,2026-03-01T13:19:57Z,auth,auth_enUS_labelerexp,at://did:plc:3pk7qiiioxa6jybn6haxujtp/app.bsky.feed.post/3mfytbhatjs2c,0,0,1,0
677ede042caf48c384446ddbc6cc4a83,2026-03-01T13:00:00Z,2026-03-01T13:19:57Z,auth,auth_enUS_labelerexp,at://did:plc:3ou5e2ezt3qx3jvzhvk4fiqk/app.bsky.feed.post/3mfytbgnjek2a,0,0,0,0
677ede042caf48c384446ddbc6cc4a83,2026-03-01T13:00:00Z,2026-03-01T13:19:57Z,auth,auth_enUS_labelerexp,at://did:plc:jtkmniy6di6lavykdxr4v6ff/app.bsky.feed.post/3mfytbfmiq22z,0,0,0,0
677ede042caf48c384446ddbc6cc4a83,2026-03-01T13:00:00Z,2026-03-01T13:19:57Z,auth,auth_enUS_labelerexp,at://did:plc:2hc3e6bvo3tx5gjfxjzkgnof/app.bsky.feed.post/3mfytbdrqts2c,0,0,0,0
677ede042caf48c384446ddbc6cc4a83,2026-03-01T13:00:00Z,2026-03-01T13:19:57Z,auth,auth_enUS_labelerexp,at://did:plc:eyigrwzlept4sxsdc7sqfhx3/app.bsky.feed.post/3mfytbcgabc2x,0,0,1,0
677ede042caf48c384446ddbc6cc4a83,2026-03-01T13:00:00Z,2026-03-01T13:19:57Z,auth,auth_enUS_labelerexp,at://did:plc:ksl66fnr7j7qybzljcykt4nx/app.bsky.feed.post/3mfytbayjes2r,0,0,0,0
677ede042caf48c384446ddbc6cc4a83,2026-03-01T13:00:00Z,2026-03-01T13:19:57Z,auth,auth_enUS_labelerexp,at://did:plc:tlwijnuvlcqzwn4kotlmy7go/app.bsky.feed.post/3mfytbanfvs2k,0,0,0,0
677ede042caf48c384446ddbc6cc4a83,2026-03-01T13:00:00Z,2026-03-01T13:19:57Z,auth,auth_enUS_labelerexp,at://did:plc:glzk6o2sfffhkeptg6hjqrgo/app.bsky.feed.post/3mfytbaict22h,0,0,0,0
677ede042caf48c384446ddbc6cc4a83,2026-03-01T13:00:00Z,2026-03-01T13:19:57Z,auth,auth_enUS_labelerexp,at://did:plc:o2ub2acnbnq6o7e6hzqutgaw/app.bsky.feed.post/3mfytb76zjs24,0,0,0,0
677ede042caf48c384446ddbc6cc4a83,2026-03-01T13:00:00Z,2026-03-01T13:19:57Z,auth,auth_enUS_labelerexp,at://did:plc:4v2fifmgudkf2ezkp2hostcl/app.bsky.feed.post/3mfytb6qpjk2v,0,0,0,0
677ede042caf48c384446ddbc6cc4a83,2026-03-01T13:00:00Z,2026-03-01T13:19:57Z,auth,auth_enUS_labelerexp,at://did:plc:rhiazjstouhaulhe2nhdyjqw/app.bsky.feed.post/3mfytb6ovvs2b,0,0,0,0
677ede042caf48c384446ddbc6cc4a83,2026-03-01T13:00:00Z,2026-03-01T13:19:57Z,auth,auth_enUS_labelerexp,at://did:plc:s6pwkckjwhmjyngpkkdnmbl4/app.bsky.feed.post/3mfytb6o4jc2x,0,0,0,0
677ede042caf48c384446ddbc6cc4a83,2026-03-01T13:00:00Z,2026-03-01T13:19:57Z,auth,auth_enUS_labelerexp,at://did:plc:oqfrer2o4bvlbdovjbobpaqt/app.bsky.feed.post/3mfytb6lijs2s,0,0,0,0
677ede042caf48c384446ddbc6cc4a83,2026-03-01T13:00:00Z,2026-03-01T13:19:57Z,auth,auth_enUS_labelerexp,at://did:plc:mxsiazxppfeygmul6wnha3xn/app.bsky.feed.post/3mfytb6jabc23,0,0,0,0
677ede042caf48c384446ddbc6cc4a83,2026-03-01T13:00:00Z,2026-03-01T13:19:57Z,auth,auth_enUS_labelerexp,at://did:plc:luq7q6emtfi5l6ws7gbixuoy/app.bsky.feed.post/3mfytb6epqc2j,1,0,0,0
677ede042caf48c384446ddbc6cc4a83,2026-03-01T13:00:00Z,2026-03-01T13:19:57Z,auth,auth_enUS_labelerexp,at://did:plc:5efh774sosl65k55f2qosri4/app.bsky.feed.post/3mfytb5bfu22g,0,0,0,0
677ede042caf48c384446ddbc6cc4a83,2026-03-01T13:00:00Z,2026-03-01T13:19:57Z,auth,auth_enUS_labelerexp,at://did:plc:b57letl327ipc6tqyjtpolxw/app.bsky.feed.post/3mfytb4p4vc2n,0,0,0,0
677ede042caf48c384446ddbc6cc4a83,2026-03-01T13:00:00Z,2026-03-01T13:19:57Z,auth,auth_enUS_labelerexp,at://did:plc:7qqw6uod7rto3rngwjqbfpd3/app.bsky.feed.post/3mfytb3kqtc2y,0,0,0,0
677ede042caf48c384446ddbc6cc4a83,2026-03-01T13:00:00Z,2026-03-01T13:19:57Z,auth,auth_enUS_labelerexp,at://did:plc:msjb5rmnahqvjgacib6gcmwq/app.bsky.feed.post/3mfytb3gzos2e,0,0,0,0
677ede042caf48c384446ddbc6cc4a83,2026-03-01T13:00:00Z,2026-03-01T13:19:57Z,auth,auth_enUS_labelerexp,at://did:plc:m7r673hoxzkevh5mun4yg6py/app.bsky.feed.post/3mfytb25z6s26,0,0,1,0
677ede042caf48c384446ddbc6cc4a83,2026-03-01T13:00:00Z,2026-03-01T13:19:57Z,auth,auth_enUS_labelerexp,at://did:plc:o32czr4lvcqem4bgwlhpwpdk/app.bsky.feed.post/3mfytay2g422u,0,0,0,0
677ede042caf48c384446ddbc6cc4a83,2026-03-01T13:00:00Z,2026-03-01T13:19:57Z,auth,auth_enUS_labelerexp,at://did:plc:bah22o5f3oz7tc4ra4sg7xqd/app.bsky.feed.post/3mfytaxpdmc2i,0,0,0,0
677ede042caf48c384446ddbc6cc4a83,2026-03-01T13:00:00Z,2026-03-01T13:19:57Z,auth,auth_enUS_labelerexp,at://did:plc:zrtdyzc2wnaufdlrpqm26stn/app.bsky.feed.post/3mfytax3nq22a,0,0,0,0
677ede042caf48c384446ddbc6cc4a83,2026-03-01T13:00:00Z,2026-03-01T13:19:57Z,auth,auth_enUS_labelerexp,at://did:plc:u4v5tmmr3yksuy5bsn5wkvr3/app.bsky.feed.post/3mfytawzjek2l,0,0,0,0
677ede042caf48c384446ddbc6cc4a83,2026-03-01T13:00:00Z,2026-03-01T13:19:57Z,auth,auth_enUS_labelerexp,at://did:plc:h3qdnwzdojnpf4zrrjwxc3wa/app.bsky.feed.post/3mfytavxx5k2q,0,0,0,0
677ede042caf48c384446ddbc6cc4a83,2026-03-01T13:00:00Z,2026-03-01T13:19:57Z,auth,auth_enUS_labelerexp,at://did:plc:pr5nxqa53krjurbw32r33geh/app.bsky.feed.post/3mfytauup7s2k,0,0,0,0
677ede042caf48c384446ddbc6cc4a83,2026-03-01T13:00:00Z,2026-03-01T13:19:57Z,auth,auth_enUS_labelerexp,at://did:plc:jbdrhadsthrumwfpejlllonb/app.bsky.feed.post/3mfytaugi5c2s,0,0,0,0
677ede042caf48c384446ddbc6cc4a83,2026-03-01T13:00:00Z,2026-03-01T13:19:57Z,auth,auth_enUS_labelerexp,at://did:plc:obinwbdyfi727ujfcgbcgqrp/app.bsky.feed.post/3mfytatwv4k2u,0,0,0,0
677ede042caf48c384446ddbc6cc4a83,2026-03-01T13:00:00Z,2026-03-01T13:19:57Z,auth,auth_enUS_labelerexp,at://did:plc:fpsn23u2i5qtlrkgneixpre4/app.bsky.feed.post/3mfytat4v3k2c,0,0,0,0
677ede042caf48c384446ddbc6cc4a83,2026-03-01T13:00:00Z,2026-03-01T13:19:57Z,auth,auth_enUS_labelerexp,at://did:plc:gcldxwqb4bj4tjhhfx3vokov/app.bsky.feed.post/3mfytarptok22,0,0,0,0
677ede042caf48c384446ddbc6cc4a83,2026-03-01T13:00:00Z,2026-03-01T13:19:57Z,auth,auth_enUS_labelerexp,at://did:plc:jltlvtqzy4zl2zmpkh3e6h5c/app.bsky.feed.post/3mfytaqqiqs2i,0,0,0,0
677ede042caf48c384446ddbc6cc4a83,2026-03-01T13:00:00Z,2026-03-01T13:19:57Z,auth,auth_enUS_labelerexp,at://did:plc:suvtiti2hjtw2bsi52fbxcd6/app.bsky.feed.post/3mfytaofp722j,0,0,0,0
677ede042caf48c384446ddbc6cc4a83,2026-03-01T13:00:00Z,2026-03-01T13:19:57Z,auth,auth_enUS_labelerexp,at://did:plc:suvtiti2hjtw2bsi52fbxcd6/app.bsky.feed.post/3mfytaoezpk2j,0,0,1,0
677ede042caf48c384446ddbc6cc4a83,2026-03-01T13:00:00Z,2026-03-01T13:19:57Z,auth,auth_enUS_labelerexp,at://did:plc:xflr6c4r3tbtynvmmvfg5wwu/app.bsky.feed.post/3mfytanbd522b,0,0,0,0
677ede042caf48c384446ddbc6cc4a83,2026-03-01T13:00:00Z,2026-03-01T13:19:57Z,auth,auth_enUS_labelerexp,at://did:plc:2hc3e6bvo3tx5gjfxjzkgnof/app.bsky.feed.post/3mfytamyorc2c,0,0,0,0
677ede042caf48c384446ddbc6cc4a83,2026-03-01T13:00:00Z,2026-03-01T13:19:57Z,auth,auth_enUS_labelerexp,at://did:plc:qk34rcww62envarkp3pkhq4p/app.bsky.feed.post/3mfysqeys7c2o,1,0,0,0
677ede042caf48c384446ddbc6cc4a83,2026-03-01T13:00:00Z,2026-03-01T13:19:57Z,auth,auth_enUS_labelerexp,at://did:plc:qk34rcww62envarkp3pkhq4p/app.bsky.feed.post/3mfysqeys7c2o,1,0,0,0
677ede042caf48c384446ddbc6cc4a83,2026-03-01T13:00:00Z,2026-03-01T13:19:57Z,auth,auth_enUS_labelerexp,at://did:plc:vuzoztmdyfuhzqioiwevrkqw/app.bsky.feed.post/3mfysmoevhc2n,4,1,1,0
677ede042caf48c384446ddbc6cc4a83,2026-03-01T13:00:00Z,2026-03-01T13:19:57Z,auth,auth_enUS_labelerexp,at://did:plc:vuzoztmdyfuhzqioiwevrkqw/app.bsky.feed.post/3mfysmoevhc2n,4,1,1,0
677ede042caf48c384446ddbc6cc4a83,2026-03-01T13:00:00Z,2026-03-01T13:19:57Z,auth,auth_enUS_labelerexp,at://did:plc:hhe6bhiudjmtaeuekbjg4cfb/app.bsky.feed.post/3mfysdlcs6y26,0,0,0,0
677ede042caf48c384446ddbc6cc4a83,2026-03-01T13:00:00Z,2026-03-01T13:19:57Z,auth,auth_enUS_labelerexp,at://did:plc:hhe6bhiudjmtaeuekbjg4cfb/app.bsky.feed.post/3mfysdlcs6y26,0,0,0,0
677ede042caf48c384446ddbc6cc4a83,2026-03-01T13:00:00Z,2026-03-01T13:19:57Z,auth,auth_enUS_labelerexp,at://did:plc:wkzvzrcoa7vtn566jw36abcy/app.bsky.feed.post/3mfysan3occ2n,0,0,0,0
677ede042caf48c384446ddbc6cc4a83,2026-03-01T13:00:00Z,2026-03-01T13:19:57Z,auth,auth_enUS_labelerexp,at://did:plc:wkzvzrcoa7vtn566jw36abcy/app.bsky.feed.post/3mfysan3occ2n,0,0,0,0
677ede042caf48c384446ddbc6cc4a83,2026-03-01T13:00:00Z,2026-03-01T13:19:57Z,auth,auth_enUS_labelerexp,at://did:plc:3ciofzdn6kxemhbroojhkndi/app.bsky.feed.post/3mfys6l5pqk2b,4,0,0,0
677ede042caf48c384446ddbc6cc4a83,2026-03-01T13:00:00Z,2026-03-01T13:19:57Z,auth,auth_enUS_labelerexp,at://did:plc:3ciofzdn6kxemhbroojhkndi/app.bsky.feed.post/3mfys6l5pqk2b,4,0,0,0
677ede042caf48c384446ddbc6cc4a83,2026-03-01T13:00:00Z,2026-03-01T13:19:57Z,auth,auth_enUS_labelerexp,at://did:plc:ksmzswa3mmubtdxndbtcbkqz/app.bsky.feed.post/3mfyrjkoflc24,1,0,0,0
677ede042caf48c384446ddbc6cc4a83,2026-03-01T13:00:00Z,2026-03-01T13:19:57Z,auth,auth_enUS_labelerexp,at://did:plc:ksmzswa3mmubtdxndbtcbkqz/app.bsky.feed.post/3mfyrjkoflc24,1,0,0,0
677ede042caf48c384446ddbc6cc4a83,2026-03-01T13:00:00Z,2026-03-01T13:19:57Z,auth,auth_enUS_labelerexp,at://did:plc:wkzvzrcoa7vtn566jw36abcy/app.bsky.feed.post/3mfyrbjnhdk2n,0,0,0,0
677ede042caf48c384446ddbc6cc4a83,2026-03-01T13:00:00Z,2026-03-01T13:19:57Z,auth,auth_enUS_labelerexp,at://did:plc:wkzvzrcoa7vtn566jw36abcy/app.bsky.feed.post/3mfyrbjnhdk2n,0,0,0,0
677ede042caf48c384446ddbc6cc4a83,2026-03-01T13:00:00Z,2026-03-01T13:19:57Z,auth,auth_enUS_labelerexp,at://did:plc:qt3jp2dt2prkja7tragumvou/app.bsky.feed.post/3mfyojqjlcc24,5,2,0,0
677ede042caf48c384446ddbc6cc4a83,2026-03-01T13:00:00Z,2026-03-01T13:19:57Z,auth,auth_enUS_labelerexp,at://did:plc:qt3jp2dt2prkja7tragumvou/app.bsky.feed.post/3mfyojqjlcc24,5,2,0,0
677ede042caf48c384446ddbc6cc4a83,2026-03-01T13:00:00Z,2026-03-01T13:19:57Z,auth,auth_enUS_labelerexp,at://did:plc:ntzngpqzp545fligvy2tbobv/app.bsky.feed.post/3mfynhaiky22p,4,1,1,1
677ede042caf48c384446ddbc6cc4a83,2026-03-01T13:00:00Z,2026-03-01T13:19:57Z,auth,auth_enUS_labelerexp,at://did:plc:ntzngpqzp545fligvy2tbobv/app.bsky.feed.post/3mfynhaiky22p,4,1,1,1
677ede042caf48c384446ddbc6cc4a83,2026-03-01T13:00:00Z,2026-03-01T13:19:57Z,auth,auth_enUS_labelerexp,at://did:plc:wkzvzrcoa7vtn566jw36abcy/app.bsky.feed.post/3mfymshgdq22n,3,0,0,0
677ede042caf48c384446ddbc6cc4a83,2026-03-01T13:00:00Z,2026-03-01T13:19:57Z,auth,auth_enUS_labelerexp,at://did:plc:wkzvzrcoa7vtn566jw36abcy/app.bsky.feed.post/3mfymshgdq22n,3,0,0,0
677ede042caf48c384446ddbc6cc4a83,2026-03-01T13:00:00Z,2026-03-01T13:19:57Z,auth,auth_enUS_labelerexp,at://did:plc:wkzvzrcoa7vtn566jw36abcy/app.bsky.feed.post/3mfyk45xmes2u,3,0,0,0
677ede042caf48c384446ddbc6cc4a83,2026-03-01T13:00:00Z,2026-03-01T13:19:57Z,auth,auth_enUS_labelerexp,at://did:plc:wkzvzrcoa7vtn566jw36abcy/app.bsky.feed.post/3mfyk45xmes2u,3,0,0,0
677ede042caf48c384446ddbc6cc4a83,2026-03-01T13:00:00Z,2026-03-01T13:19:57Z,auth,auth_enUS_labelerexp,at://did:plc:wkzvzrcoa7vtn566jw36abcy/app.bsky.feed.post/3mfyjtjwfc22u,3,0,0,0
677ede042caf48c384446ddbc6cc4a83,2026-03-01T13:00:00Z,2026-03-01T13:19:57Z,auth,auth_enUS_labelerexp,at://did:plc:wkzvzrcoa7vtn566jw36abcy/app.bsky.feed.post/3mfyjtjwfc22u,3,0,0,0
677ede042caf48c384446ddbc6cc4a83,2026-03-01T13:00:00Z,2026-03-01T13:19:57Z,auth,auth_enUS_labelerexp,at://did:plc:mcb6n67plnrlx4lg35natk2b/app.bsky.feed.post/3mfyhnhlv7t2h,3,0,0,0
677ede042caf48c384446ddbc6cc4a83,2026-03-01T13:00:00Z,2026-03-01T13:19:57Z,auth,auth_enUS_labelerexp,at://did:plc:mcb6n67plnrlx4lg35natk2b/app.bsky.feed.post/3mfyhnhlv7t2h,3,0,0,0
677ede042caf48c384446ddbc6cc4a83,2026-03-01T13:00:00Z,2026-03-01T13:19:57Z,auth,auth_enUS_labelerexp,at://did:plc:g6k6bc7x4xe47puqc6z7uagu/app.bsky.feed.post/3mfyh5qdkuk23,17,1,2,0
677ede042caf48c384446ddbc6cc4a83,2026-03-01T13:00:00Z,2026-03-01T13:19:57Z,auth,auth_enUS_labelerexp,at://did:plc:g6k6bc7x4xe47puqc6z7uagu/app.bsky.feed.post/3mfyh5qdkuk23,17,1,2,0
677ede042caf48c384446ddbc6cc4a83,2026-03-01T13:00:00Z,2026-03-01T13:19:57Z,auth,auth_enUS_labelerexp,at://did:plc:zb6hix74vy5b763avmjzbk2d/app.bsky.feed.post/3mfyf6auch22a,5,2,0,1
677ede042caf48c384446ddbc6cc4a83,2026-03-01T13:00:00Z,2026-03-01T13:19:57Z,auth,auth_enUS_labelerexp,at://did:plc:zb6hix74vy5b763avmjzbk2d/app.bsky.feed.post/3mfyf6auch22a,5,2,0,1
677ede042caf48c384446ddbc6cc4a83,2026-03-01T13:00:00Z,2026-03-01T13:19:57Z,auth,auth_enUS_labelerexp,at://did:plc:tu6fmfzhgj27t2ueul7u655n/app.bsky.feed.post/3mfydmtoahx2d,0,0,0,0
677ede042caf48c384446ddbc6cc4a83,2026-03-01T13:00:00Z,2026-03-01T13:19:57Z,auth,auth_enUS_labelerexp,at://did:plc:tu6fmfzhgj27t2ueul7u655n/app.bsky.feed.post/3mfydmtoahx2d,0,0,0,0
677ede042caf48c384446ddbc6cc4a83,2026-03-01T13:00:00Z,2026-03-01T13:19:57Z,auth,auth_enUS_labelerexp,at://did:plc:q7tfaralmlyxznz4jxlmwlc6/app.bsky.feed.post/3mfybeswg5s2u,1,0,0,0
677ede042caf48c384446ddbc6cc4a83,2026-03-01T13:00:00Z,2026-03-01T13:19:57Z,auth,auth_enUS_labelerexp,at://did:plc:y7mejaerhuaoynwf32qfaqsr/app.bsky.feed.post/3mfyaelzzec2f,0,0,0,0
677ede042caf48c384446ddbc6cc4a83,2026-03-01T13:00:00Z,2026-03-01T13:19:57Z,auth,auth_enUS_labelerexp,at://did:plc:mrv6jkgwqzvf4iamqjgtc2e6/app.bsky.feed.post/3mfy6hfph6c2b,0,0,0,0
677ede042caf48c384446ddbc6cc4a83,2026-03-01T13:00:00Z,2026-03-01T13:19:57Z,auth,auth_enUS_labelerexp,at://did:plc:qrbhxsxh2tecz7hjvnkwshyw/app.bsky.feed.post/3mfy3s5gmc222,1,0,1,0
677ede042caf48c384446ddbc6cc4a83,2026-03-01T13:00:00Z,2026-03-01T13:19:57Z,auth,auth_enUS_labelerexp,at://did:plc:zzeg6a7krbxfgblltuqcqirn/app.bsky.feed.post/3mfxydwd6i22n,1,0,0,0
677ede042caf48c384446ddbc6cc4a83,2026-03-01T13:00:00Z,2026-03-01T13:19:57Z,auth,auth_enUS_labelerexp,at://did:plc:jw7wxj2iq5mtuxavuhqxyzg6/app.bsky.feed.post/3mfxyapowrk2e,47,3,1,0
677ede042caf48c384446ddbc6cc4a83,2026-03-01T13:00:00Z,2026-03-01T13:19:57Z,auth,auth_enUS_labelerexp,at://did:plc:jw7wxj2iq5mtuxavuhqxyzg6/app.bsky.feed.post/3mfxxv36nkk2e,30,4,5,0
677ede042caf48c384446ddbc6cc4a83,2026-03-01T13:00:00Z,2026-03-01T13:19:57Z,auth,auth_enUS_labelerexp,at://did:plc:i7qdtid4hah52lt5okrn4oxj/app.bsky.feed.post/3mfxvukpzgmj2,0,0,0,0
677ede042caf48c384446ddbc6cc4a83,2026-03-01T13:00:00Z,2026-03-01T13:19:57Z,auth,auth_enUS_labelerexp,at://did:plc:4pgigj2tzszcyqizkddxlqrh/app.bsky.feed.post/3mfxvbr3rf22z,22,0,0,0
677ede042caf48c384446ddbc6cc4a83,2026-03-01T13:00:00Z,2026-03-01T13:19:57Z,auth,auth_enUS_labelerexp,at://did:plc:xmzuty3qygbxdxiegusxofs4/app.bsky.feed.post/3mfxskvvjus2j,6,0,0,1
677ede042caf48c384446ddbc6cc4a83,2026-03-01T13:00:00Z,2026-03-01T13:19:57Z,auth,auth_enUS_labelerexp,at://did:plc:gft4omwk2w4fzpazuav6ck7j/app.bsky.feed.post/3mfxrlfqxyc2o,17,0,2,0
677ede042caf48c384446ddbc6cc4a83,2026-03-01T13:00:00Z,2026-03-01T13:19:57Z,auth,auth_enUS_labelerexp,at://did:plc:lxc6pxd3nrqwultcslgvnaf5/app.bsky.feed.post/3mfxqflwln227,2,1,0,0
677ede042caf48c384446ddbc6cc4a83,2026-03-01T13:00:00Z,2026-03-01T13:19:57Z,auth,auth_enUS_labelerexp,at://did:plc:v2svmoral4zkqevqyu3xie3j/app.bsky.feed.post/3mfxqctm6d22b,31,10,0,0
677ede042caf48c384446ddbc6cc4a83,2026-03-01T13:00:00Z,2026-03-01T13:19:57Z,auth,auth_enUS_labelerexp,at://did:plc:uk3ebgn6qdh3fb6sc2uagics/app.bsky.feed.post/3mfxntpnetc2o,2,1,0,0
677ede042caf48c384446ddbc6cc4a83,2026-03-01T13:00:00Z,2026-03-01T13:19:57Z,auth,auth_enUS_labelerexp,at://did:plc:qrbhxsxh2tecz7hjvnkwshyw/app.bsky.feed.post/3mfxnqqeoac22,6,1,1,0
677ede042caf48c384446ddbc6cc4a83,2026-03-01T13:00:00Z,2026-03-01T13:19:57Z,auth,auth_enUS_labelerexp,at://did:plc:zjdsqpvs22qkberomsvex2xy/app.bsky.feed.post/3mfxnj3it622x,25,1,1,0
677ede042caf48c384446ddbc6cc4a83,2026-03-01T13:00:00Z,2026-03-01T13:19:57Z,auth,auth_enUS_labelerexp,at://did:plc:aun2t4uf5vcw4intgxezrkw3/app.bsky.feed.post/3mfxmmfbgmc23,3,0,0,0
677ede042caf48c384446ddbc6cc4a83,2026-03-01T13:00:00Z,2026-03-01T13:19:57Z,auth,auth_enUS_labelerexp,at://did:plc:xzyagfnmpoxle6n6lk6iq3bp/app.bsky.feed.post/3mfxmgbmptk2d,22,1,2,0
677ede042caf48c384446ddbc6cc4a83,2026-03-01T13:00:00Z,2026-03-01T13:20:00Z,auth,auth_enUS_labelerexp,at://did:plc:hgciq6wvvrsakx3d6esbfeaa/app.bsky.feed.post/3mfytdxhbnm25,0,0,0,0
677ede042caf48c384446ddbc6cc4a83,2026-03-01T13:00:00Z,2026-03-01T13:20:00Z,auth,auth_enUS_labelerexp,at://did:plc:j5udfecn4dor5qn42erg3kfd/app.bsky.feed.post/3mfytdwdvoc2h,0,0,0,0
677ede042caf48c384446ddbc6cc4a83,2026-03-01T13:00:00Z,2026-03-01T13:20:00Z,auth,auth_enUS_labelerexp,at://did:plc:lvdy7qwgbsqaobyztrez5kgs/app.bsky.feed.post/3mfytdugfvk2i,0,0,0,0
677ede042caf48c384446ddbc6cc4a83,2026-03-01T13:00:00Z,2026-03-01T13:20:00Z,auth,auth_enUS_labelerexp,at://did:plc:c2f5oybx4nltr5ngm62crttr/app.bsky.feed.post/3mfytdpzmzc2u,0,0,0,0
677ede042caf48c384446ddbc6cc4a83,2026-03-01T13:00:00Z,2026-03-01T13:20:00Z,auth,auth_enUS_labelerexp,at://did:plc:hd7yaiadpl3ne2vqtcu422v3/app.bsky.feed.post/3mfytdr5jhc2l,0,0,0,0
677ede042caf48c384446ddbc6cc4a83,2026-03-01T13:00:00Z,2026-03-01T13:20:00Z,auth,auth_enUS_labelerexp,at://did:plc:rpej562p4avedmmytvnzmhdq/app.bsky.feed.post/3mfytdoxvw22s,0,0,0,0
677ede042caf48c384446ddbc6cc4a83,2026-03-01T13:00:00Z,2026-03-01T13:20:00Z,auth,auth_enUS_labelerexp,at://did:plc:jgyqkybg6vto4ojxdwa2icjx/app.bsky.feed.post/3mfytdolc462n,0,0,0,0
677ede042caf48c384446ddbc6cc4a83,2026-03-01T13:00:00Z,2026-03-01T13:20:00Z,auth,auth_enUS_labelerexp,at://did:plc:fbsopaqefibv2zxh4htc2bl4/app.bsky.feed.post/3mfytdlqyx22j,0,0,0,0
677ede042caf48c384446ddbc6cc4a83,2026-03-01T13:00:00Z,2026-03-01T13:20:00Z,auth,auth_enUS_labelerexp,at://did:plc:fsvh3wf65mgozfmejejmljhj/app.bsky.feed.post/3mfytdlaza226,0,0,0,0
677ede042caf48c384446ddbc6cc4a83,2026-03-01T13:00:00Z,2026-03-01T13:20:00Z,auth,auth_enUS_labelerexp,at://did:plc:f32t4o3gbnjkylymaf4upxv5/app.bsky.feed.post/3mfytf2dgck2t,0,0,0,0
677ede042caf48c384446ddbc6cc4a83,2026-03-01T13:00:00Z,2026-03-01T13:20:00Z,auth,auth_enUS_labelerexp,at://did:plc:gb6gklmu42riesxb5vwqiwoq/app.bsky.feed.post/3mfytdiovcc2e,0,0,0,0
677ede042caf48c384446ddbc6cc4a83,2026-03-01T13:00:00Z,2026-03-01T13:20:00Z,auth,auth_enUS_labelerexp,at://did:plc:5sq3jwlm2mxyrjxa3fvyefjl/app.bsky.feed.post/3mfytdhopys2u,0,0,0,0
677ede042caf48c384446ddbc6cc4a83,2026-03-01T13:00:00Z,2026-03-01T13:20:00Z,auth,auth_enUS_labelerexp,at://did:plc:ylbuwxlb4c74trb6ayt575jx/app.bsky.feed.post/3mfytddsmd225,0,0,0,0
677ede042caf48c384446ddbc6cc4a83,2026-03-01T13:00:00Z,2026-03-01T13:20:00Z,auth,auth_enUS_labelerexp,at://did:plc:vrz2ryxawsorzgs4zb4tndar/app.bsky.feed.post/3mfytdcd5iq2z,0,0,0,0
677ede042caf48c384446ddbc6cc4a83,2026-03-01T13:00:00Z,2026-03-01T13:20:00Z,auth,auth_enUS_labelerexp,at://did:plc:bpypkhyukjjsm3eplgb6bsxm/app.bsky.feed.post/3mfytdad5w225,1,0,0,0
677ede042caf48c384446ddbc6cc4a83,2026-03-01T13:00:00Z,2026-03-01T13:20:00Z,auth,auth_enUS_labelerexp,at://did:plc:stgkgsqbb7xqxtrdob3jvns7/app.bsky.feed.post/3mfytd76mxs2g,0,0,0,0
677ede042caf48c384446ddbc6cc4a83,2026-03-01T13:00:00Z,2026-03-01T13:20:00Z,auth,auth_enUS_labelerexp,at://did:plc:4jalzvhx2hu57ddyr6fceogx/app.bsky.feed.post/3mfytd75ks22x,0,0,1,0
677ede042caf48c384446ddbc6cc4a83,2026-03-01T13:00:00Z,2026-03-01T13:20:00Z,auth,auth_enUS_labelerexp,at://did:plc:4dkp6g7cbieuqtuii4cdtkyd/app.bsky.feed.post/3mfytd6mkts2p,0,0,0,0
677ede042caf48c384446ddbc6cc4a83,2026-03-01T13:00:00Z,2026-03-01T13:20:00Z,auth,auth_enUS_labelerexp,at://did:plc:7dzulgfedlgtu4lxno22sejz/app.bsky.feed.post/3mfytd5gh4k2q,0,0,0,0
677ede042caf48c384446ddbc6cc4a83,2026-03-01T13:00:00Z,2026-03-01T13:20:00Z,auth,auth_enUS_labelerexp,at://did:plc:52bdusqaqyqifi6nnxahgxhv/app.bsky.feed.post/3mfytd4koh22c,1,0,0,0
677ede042caf48c384446ddbc6cc4a83,2026-03-01T13:00:00Z,2026-03-01T13:20:00Z,auth,auth_enUS_labelerexp,at://did:plc:cfqyyqvek7thvj7qbtbr5gbr/app.bsky.feed.post/3mfytd3h7ok2x,0,0,0,0
677ede042caf48c384446ddbc6cc4a83,2026-03-01T13:00:00Z,2026-03-01T13:20:00Z,auth,auth_enUS_labelerexp,at://did:plc:sjz4lxfdltke6quz5n4yxqiv/app.bsky.feed.post/3mfytcpjitk26,0,0,0,0
677ede042caf48c384446ddbc6cc4a83,2026-03-01T13:00:00Z,2026-03-01T13:20:00Z,auth,auth_enUS_labelerexp,at://did:plc:5sq3jwlm2mxyrjxa3fvyefjl/app.bsky.feed.post/3mfytcoc43s2u,0,0,0,0
677ede042caf48c384446ddbc6cc4a83,2026-03-01T13:00:00Z,2026-03-01T13:20:00Z,auth,auth_enUS_labelerexp,at://did:plc:fnchiyupulfhtc32tsmmh4o3/app.bsky.feed.post/3mfytclhbts25,0,0,0,0
677ede042caf48c384446ddbc6cc4a83,2026-03-01T13:00:00Z,2026-03-01T13:20:00Z,auth,auth_enUS_labelerexp,at://did:plc:c3lm4qbrq2dpkasa3qfetwus/app.bsky.feed.post/3mfytcjudxk2t,0,0,0,0
677ede042caf48c384446ddbc6cc4a83,2026-03-01T13:00:00Z,2026-03-01T13:20:00Z,auth,auth_enUS_labelerexp,at://did:plc:gyvxlfhu7lkqaz4aawkywpai/app.bsky.feed.post/3mfytce6goc2s,1,0,0,0
677ede042caf48c384446ddbc6cc4a83,2026-03-01T13:00:00Z,2026-03-01T13:20:00Z,auth,auth_enUS_labelerexp,at://did:plc:tzsgzxtu7zea6ua3yfg3irsq/app.bsky.feed.post/3mfytcejvuc2b,0,0,0,0
677ede042caf48c384446ddbc6cc4a83,2026-03-01T13:00:00Z,2026-03-01T13:20:00Z,auth,auth_enUS_labelerexp,at://did:plc:nxf3ng4xb3c6vj6a6evw4gag/app.bsky.feed.post/3mfytcdty232s,0,0,1,0
677ede042caf48c384446ddbc6cc4a83,2026-03-01T13:00:00Z,2026-03-01T13:20:00Z,auth,auth_enUS_labelerexp,at://did:plc:yshahivoajjnmualcphish64/app.bsky.feed.post/3mfytc762tk2f,0,0,0,0
677ede042caf48c384446ddbc6cc4a83,2026-03-01T13:00:00Z,2026-03-01T13:20:00Z,auth,auth_enUS_labelerexp,at://did:plc:tgjr4udwylmchfqz3dqu5v6d/app.bsky.feed.post/3mfytc34nac2g,0,0,0,0
677ede042caf48c384446ddbc6cc4a83,2026-03-01T13:00:00Z,2026-03-01T13:20:00Z,auth,auth_enUS_labelerexp,at://did:plc:azfpuhnikm6wsmxrdslejznj/app.bsky.feed.post/3mfytbxqvxs2j,0,0,0,0
677ede042caf48c384446ddbc6cc4a83,2026-03-01T13:00:00Z,2026-03-01T13:20:00Z,auth,auth_enUS_labelerexp,at://did:plc:fgcaasq3zgvb7jq2ehnhlrhx/app.bsky.feed.post/3mfytbwhpmc2m,0,0,0,0
677ede042caf48c384446ddbc6cc4a83,2026-03-01T13:00:00Z,2026-03-01T13:20:00Z,auth,auth_enUS_labelerexp,at://did:plc:twupxtvdxz4hanb4daiqngm7/app.bsky.feed.post/3mfytbte7zc26,0,0,0,0
677ede042caf48c384446ddbc6cc4a83,2026-03-01T13:00:00Z,2026-03-01T13:20:00Z,auth,auth_enUS_labelerexp,at://did:plc:ob457eo7v5f2wwffy4bz3eo4/app.bsky.feed.post/3mfytbqoaeq2b,0,0,0,0
677ede042caf48c384446ddbc6cc4a83,2026-03-01T13:00:00Z,2026-03-01T13:20:00Z,auth,auth_enUS_labelerexp,at://did:plc:3sb6q35dqo5p423tjemwqkj7/app.bsky.feed.post/3mfytbnwtm42k,0,0,0,0
677ede042caf48c384446ddbc6cc4a83,2026-03-01T13:00:00Z,2026-03-01T13:20:00Z,auth,auth_enUS_labelerexp,at://did:plc:mcil3c5vhzjlwd53645bbvuv/app.bsky.feed.post/3mfytboe2zc23,0,0,0,0
677ede042caf48c384446ddbc6cc4a83,2026-03-01T13:00:00Z,2026-03-01T13:20:00Z,auth,auth_enUS_labelerexp,at://did:plc:rtef3cdqn2rniarh74t7kbg3/app.bsky.feed.post/3mfytbmfxpk2o,2,1,0,0
677ede042caf48c384446ddbc6cc4a83,2026-03-01T13:00:00Z,2026-03-01T13:20:00Z,auth,auth_enUS_labelerexp,at://did:plc:bwdjo5zgomx3npz77yi2ifqs/app.bsky.feed.post/3mfytbimtqc22,0,0,0,0
677ede042caf48c384446ddbc6cc4a83,2026-03-01T13:00:00Z,2026-03-01T13:20:00Z,auth,auth_enUS_labelerexp,at://did:plc:vuy7drsxj7cgimhmnmeid3st/app.bsky.feed.post/3mfytbiabfc2q,0,0,0,0
677ede042caf48c384446ddbc6cc4a83,2026-03-01T13:00:00Z,2026-03-01T13:20:00Z,auth,auth_enUS_labelerexp,at://did:plc:lfjz26ejsd4pabp7ffzg7qsx/app.bsky.feed.post/3mfytbgoyak2n,0,0,0,0
677ede042caf48c384446ddbc6cc4a83,2026-03-01T13:00:00Z,2026-03-01T13:20:00Z,auth,auth_enUS_labelerexp,at://did:plc:uwysqmdzw67qfwqvhsiqersg/app.bsky.feed.post/3mfytbfy3t22e,0,0,1,0
677ede042caf48c384446ddbc6cc4a83,2026-03-01T13:00:00Z,2026-03-01T13:20:00Z,auth,auth_enUS_labelerexp,at://did:plc:heesnjlru3m2istvhgmkv6m5/app.bsky.feed.post/3mfytbdszuc2k,0,0,0,0
677ede042caf48c384446ddbc6cc4a83,2026-03-01T13:00:00Z,2026-03-01T13:20:00Z,auth,auth_enUS_labelerexp,at://did:plc:d4iwt4nqu5spu45q57kbzxtv/app.bsky.feed.post/3mfytbb2rnc2v,2,0,0,0
677ede042caf48c384446ddbc6cc4a83,2026-03-01T13:00:00Z,2026-03-01T13:20:00Z,auth,auth_enUS_labelerexp,at://did:plc:afjywyrmqcnkvflhn6mnamqf/app.bsky.feed.post/3mfytb6y6rs2v,1,0,0,0
677ede042caf48c384446ddbc6cc4a83,2026-03-01T13:00:00Z,2026-03-01T13:20:00Z,auth,auth_enUS_labelerexp,at://did:plc:azbsofgh4hyzt2itsvouhc6b/app.bsky.feed.post/3mfytb64h3k2s,1,0,0,0
677ede042caf48c384446ddbc6cc4a83,2026-03-01T13:00:00Z,2026-03-01T13:20:00Z,auth,auth_enUS_labelerexp,at://did:plc:ssgjarztixbzyj7h6wlul73o/app.bsky.feed.post/3mfytb43fzs2h,1,0,0,0
677ede042caf48c384446ddbc6cc4a83,2026-03-01T13:00:00Z,2026-03-01T13:20:00Z,auth,auth_enUS_labelerexp,at://did:plc:thkb5tpcitmiyeelk6vqr4bz/app.bsky.feed.post/3mfytbgyr3b32,0,0,0,0
677ede042caf48c384446ddbc6cc4a83,2026-03-01T13:00:00Z,2026-03-01T13:20:00Z,auth,auth_enUS_labelerexp,at://did:plc:eifmlld4mqbzozwvouv5gvi2/app.bsky.feed.post/3mfytb42hrt23,0,0,0,0
677ede042caf48c384446ddbc6cc4a83,2026-03-01T13:00:00Z,2026-03-01T13:20:00Z,auth,auth_enUS_labelerexp,at://did:plc:twupxtvdxz4hanb4daiqngm7/app.bsky.feed.post/3mfytazipkc26,0,1,0,0
677ede042caf48c384446ddbc6cc4a83,2026-03-01T13:00:00Z,2026-03-01T13:20:00Z,auth,auth_enUS_labelerexp,at://did:plc:r2svavfqlvwsiinbd6tlplxv/app.bsky.feed.post/3mfytb2feji2s,0,0,0,0
677ede042caf48c384446ddbc6cc4a83,2026-03-01T13:00:00Z,2026-03-01T13:20:01Z,auth,auth_enUS_labelerexp,at://did:plc:we6elcbv5sl62b5sysdjte24/app.bsky.feed.post/3mfytayjijk2m,0,0,0,0
677ede042caf48c384446ddbc6cc4a83,2026-03-01T13:00:00Z,2026-03-01T13:20:01Z,auth,auth_enUS_labelerexp,at://did:plc:tazrmeme4dzahimsykusrwrk/app.bsky.feed.post/3knxx2gmkns2y,2369,113,39,4
677ede042caf48c384446ddbc6cc4a83,2026-03-01T13:00:00Z,2026-03-01T13:20:01Z,auth,auth_enUS_labelerexp,at://did:plc:ahjqhvlemdo7pbik5pcrlrzr/app.bsky.feed.post/3mfytasp2pc2e,0,0,0,0
677ede042caf48c384446ddbc6cc4a83,2026-03-01T13:00:00Z,2026-03-01T13:20:01Z,auth,auth_enUS_labelerexp,at://did:plc:mxbhqfnarz2eoikrgp3267ze/app.bsky.feed.post/3mfyt7gywhs2x,0,0,0,0
677ede042caf48c384446ddbc6cc4a83,2026-03-01T13:00:00Z,2026-03-01T13:20:01Z,auth,auth_enUS_labelerexp,at://did:plc:aah3flsjuhwrr2dbcmvasypb/app.bsky.feed.post/3mfyt6rjoyh24,0,0,0,0
677ede042caf48c384446ddbc6cc4a83,2026-03-01T13:00:00Z,2026-03-01T13:20:01Z,auth,auth_enUS_labelerexp,at://did:plc:p66rg7t5fgwowtkrmuona5pg/app.bsky.feed.post/3mfyt3subu22r,0,0,1,0
677ede042caf48c384446ddbc6cc4a83,2026-03-01T13:00:00Z,2026-03-01T13:20:01Z,auth,auth_enUS_labelerexp,at://did:plc:lxy2qcslv2mw5hlpwh7w5c2t/app.bsky.feed.post/3mfyt32li472x,2,0,0,0
677ede042caf48c384446ddbc6cc4a83,2026-03-01T13:00:00Z,2026-03-01T13:20:01Z,auth,auth_enUS_labelerexp,at://did:plc:4cssogwxqtgf2ogidyq63x7r/app.bsky.feed.post/3mfyt35ej2s26,1,0,1,0
677ede042caf48c384446ddbc6cc4a83,2026-03-01T13:00:00Z,2026-03-01T13:20:01Z,auth,auth_enUS_labelerexp,at://did:plc:fextblunch2l45xxgd6rgbak/app.bsky.feed.post/3mfyszlmiq225,0,0,0,0
677ede042caf48c384446ddbc6cc4a83,2026-03-01T13:00:00Z,2026-03-01T13:20:01Z,auth,auth_enUS_labelerexp,at://did:plc:qeor3mz2xbrhagorhd6kmqwq/app.bsky.feed.post/3mfysxb2ys22k,0,0,0,0
677ede042caf48c384446ddbc6cc4a83,2026-03-01T13:00:00Z,2026-03-01T13:20:01Z,auth,auth_enUS_labelerexp,at://did:plc:knux3hcn3gkhtwufuqs3oet5/app.bsky.feed.post/3mfysvsl5hk2w,0,0,0,0
677ede042caf48c384446ddbc6cc4a83,2026-03-01T13:00:00Z,2026-03-01T13:20:01Z,auth,auth_enUS_labelerexp,at://did:plc:qh5xceeub3f7o5uv7uqdkcyr/app.bsky.feed.post/3mfysv37llk2z,0,0,1,0
677ede042caf48c384446ddbc6cc4a83,2026-03-01T13:00:00Z,2026-03-01T13:20:01Z,auth,auth_enUS_labelerexp,at://did:plc:3anqhn4l5m6ybe7ca4c5h6i7/app.bsky.feed.post/3mfysr66igk2q,4,1,0,0
677ede042caf48c384446ddbc6cc4a83,2026-03-01T13:00:00Z,2026-03-01T13:20:01Z,auth,auth_enUS_labelerexp,at://did:plc:y3gisymuromylia4ektadaa3/app.bsky.feed.post/3mfysqau7zc2t,0,0,0,0
677ede042caf48c384446ddbc6cc4a83,2026-03-01T13:00:00Z,2026-03-01T13:20:01Z,auth,auth_enUS_labelerexp,at://did:plc:remnettorpl66ycnzuykk4qy/app.bsky.feed.post/3mfysozv7ps2w,0,0,0,0
677ede042caf48c384446ddbc6cc4a83,2026-03-01T13:00:00Z,2026-03-01T13:20:01Z,auth,auth_enUS_labelerexp,at://did:plc:5snsbulbnp3aadchxwjw32lu/app.bsky.feed.post/3mfyso5yo722k,0,0,0,0
677ede042caf48c384446ddbc6cc4a83,2026-03-01T13:00:00Z,2026-03-01T13:20:01Z,auth,auth_enUS_labelerexp,at://did:plc:bzte23hov3qfnqigrqkmnsre/app.bsky.feed.post/3mfyskkv3722f,0,0,1,0
677ede042caf48c384446ddbc6cc4a83,2026-03-01T13:00:00Z,2026-03-01T13:20:01Z,auth,auth_enUS_labelerexp,at://did:plc:rpyvoxyc6jd5v6ksjxjlf2vw/app.bsky.feed.post/3mfysk2efa22e,0,0,0,0
677ede042caf48c384446ddbc6cc4a83,2026-03-01T13:00:00Z,2026-03-01T13:20:01Z,auth,auth_enUS_labelerexp,at://did:plc:672dbym5t2u4skt3nr4px53v/app.bsky.feed.post/3mfysjqs6fk26,1,0,0,0
677ede042caf48c384446ddbc6cc4a83,2026-03-01T13:00:00Z,2026-03-01T13:20:01Z,auth,auth_enUS_labelerexp,at://did:plc:itf7dn4nbflfpqrxtbc4yzgz/app.bsky.feed.post/3mfyshirjes2p,1,0,0,0
677ede042caf48c384446ddbc6cc4a83,2026-03-01T13:00:00Z,2026-03-01T13:20:01Z,auth,auth_enUS_labelerexp,at://did:plc:f6knt4s43flx33cnu27xy2ax/app.bsky.feed.post/3mfysgnzt2k2c,0,0,0,0
677ede042caf48c384446ddbc6cc4a83,2026-03-01T13:00:00Z,2026-03-01T13:20:01Z,auth,auth_enUS_labelerexp,at://did:plc:vrmfcndwvfoobjbexgicnqav/app.bsky.feed.post/3mfysfr2uhc2v,1,0,0,0
677ede042caf48c384446ddbc6cc4a83,2026-03-01T13:00:00Z,2026-03-01T13:20:01Z,auth,auth_enUS_labelerexp,at://did:plc:vd7m367nnj4mw5vp2gnk2yco/app.bsky.feed.post/3mfysft2ark2u,0,0,0,0
677ede042caf48c384446ddbc6cc4a83,2026-03-01T13:00:00Z,2026-03-01T13:20:01Z,auth,auth_enUS_labelerexp,at://did:plc:tv5ntwonx2vk5lijfucyq2ag/app.bsky.feed.post/3mfysfcfb4c2z,0,0,0,0
677ede042caf48c384446ddbc6cc4a83,2026-03-01T13:00:00Z,2026-03-01T13:20:01Z,auth,auth_enUS_labelerexp,at://did:plc:zzjayugjhn6wp36ex4aburp7/app.bsky.feed.post/3mfysdxprsc22,1,1,0,0
677ede042caf48c384446ddbc6cc4a83,2026-03-01T13:00:00Z,2026-03-01T13:20:01Z,auth,auth_enUS_labelerexp,at://did:plc:lxy2qcslv2mw5hlpwh7w5c2t/app.bsky.feed.post/3mfysdweo5d2y,2,2,0,0
677ede042caf48c384446ddbc6cc4a83,2026-03-01T13:00:00Z,2026-03-01T13:20:01Z,auth,auth_enUS_labelerexp,at://did:plc:lxy2qcslv2mw5hlpwh7w5c2t/app.bsky.feed.post/3mfysdsrbk42k,1,0,0,1
677ede042caf48c384446ddbc6cc4a83,2026-03-01T13:00:00Z,2026-03-01T13:20:01Z,auth,auth_enUS_labelerexp,at://did:plc:jyqn7umlw77e6a7d7ggcqx3l/app.bsky.feed.post/3mfyscvlbtk22,0,0,0,0
677ede042caf48c384446ddbc6cc4a83,2026-03-01T13:00:00Z,2026-03-01T13:20:01Z,auth,auth_enUS_labelerexp,at://did:plc:nm7mdzawloe2vkeoae7zbost/app.bsky.feed.post/3mfysd3u7jk2w,0,0,0,0
677ede042caf48c384446ddbc6cc4a83,2026-03-01T13:00:00Z,2026-03-01T13:20:01Z,auth,auth_enUS_labelerexp,at://did:plc:aih7hvpfucywajegbwe67e5p/app.bsky.feed.post/3mfyscwlg5s2k,0,0,0,0
677ede042caf48c384446ddbc6cc4a83,2026-03-01T13:00:00Z,2026-03-01T13:20:01Z,auth,auth_enUS_labelerexp,at://did:plc:hyabwfycijvvr3gg7s44pxds/app.bsky.feed.post/3mfyscaj66b2x,0,0,0,0
677ede042caf48c384446ddbc6cc4a83,2026-03-01T13:00:00Z,2026-03-01T13:20:01Z,auth,auth_enUS_labelerexp,at://did:plc:jwpds4mv6ha52kabufxqfkoq/app.bsky.feed.post/3mfysc2rkl22p,0,0,0,0
677ede042caf48c384446ddbc6cc4a83,2026-03-01T13:00:00Z,2026-03-01T13:20:01Z,auth,auth_enUS_labelerexp,at://did:plc:le7w3df76k4vvblu645wohlc/app.bsky.feed.post/3mfysbtl6is2g,0,0,0,0
677ede042caf48c384446ddbc6cc4a83,2026-03-01T13:00:00Z,2026-03-01T13:20:01Z,auth,auth_enUS_labelerexp,at://did:plc:henxewynmnmybh2kiijawcj4/app.bsky.feed.post/3mfysbti6sc2a,0,0,0,0
677ede042caf48c384446ddbc6cc4a83,2026-03-01T13:00:00Z,2026-03-01T13:20:01Z,auth,auth_enUS_labelerexp,at://did:plc:azdk7sgaq4hrh4brwntbtsd3/app.bsky.feed.post/3mfysb6t2kc24,0,0,0,0
677ede042caf48c384446ddbc6cc4a83,2026-03-01T13:00:00Z,2026-03-01T13:20:01Z,auth,auth_enUS_labelerexp,at://did:plc:pcoidzt6p4ehdjacxljttnxo/app.bsky.feed.post/3mfysapgitc2e,6,5,1,1
677ede042caf48c384446ddbc6cc4a83,2026-03-01T13:00:00Z,2026-03-01T13:20:01Z,auth,auth_enUS_labelerexp,at://did:plc:dfpytdai4opnu4kdzu76xjwe/app.bsky.feed.post/3mfysagp64q2w,0,0,0,0
677ede042caf48c384446ddbc6cc4a83,2026-03-01T13:00:00Z,2026-03-01T13:20:01Z,auth,auth_enUS_labelerexp,at://did:plc:j6stemg4wcefzbngbfq6tt4v/app.bsky.feed.post/3mfys7qxxbs2f,0,0,0,0
677ede042caf48c384446ddbc6cc4a83,2026-03-01T13:00:00Z,2026-03-01T13:20:01Z,auth,auth_enUS_labelerexp,at://did:plc:jwpds4mv6ha52kabufxqfkoq/app.bsky.feed.post/3mfysadurrk2p,0,0,1,0
677ede042caf48c384446ddbc6cc4a83,2026-03-01T13:00:00Z,2026-03-01T13:20:01Z,auth,auth_enUS_labelerexp,at://did:plc:wp3hfpm4rjqyx5e755pbiptz/app.bsky.feed.post/3mfysaaliqg27,3,1,0,0
677ede042caf48c384446ddbc6cc4a83,2026-03-01T13:00:00Z,2026-03-01T13:20:01Z,auth,auth_enUS_labelerexp,at://did:plc:tvg3xf4s674zad3tmwc533bm/app.bsky.feed.post/3mfysa5wwcz23,0,0,0,0
677ede042caf48c384446ddbc6cc4a83,2026-03-01T13:00:00Z,2026-03-01T13:20:01Z,auth,auth_enUS_labelerexp,at://did:plc:3jy3v6o2nx24jnm7ec6clmsi/app.bsky.feed.post/3mfys4vleek2a,2,0,0,0
677ede042caf48c384446ddbc6cc4a83,2026-03-01T13:00:00Z,2026-03-01T13:20:01Z,auth,auth_enUS_labelerexp,at://did:plc:4onbui6ycpifr6rncictnxsf/app.bsky.feed.post/3mfys4i4q3s26,0,0,0,0
677ede042caf48c384446ddbc6cc4a83,2026-03-01T13:00:00Z,2026-03-01T13:20:01Z,auth,auth_enUS_labelerexp,at://did:plc:4onbui6ycpifr6rncictnxsf/app.bsky.feed.post/3mfys4hovpk26,0,0,1,0
677ede042caf48c384446ddbc6cc4a83,2026-03-01T13:00:00Z,2026-03-01T13:20:01Z,auth,auth_enUS_labelerexp,at://did:plc:on4w26fxixxswlckf4xvofcg/app.bsky.feed.post/3mfys42iwrs2x,0,0,1,0
677ede042caf48c384446ddbc6cc4a83,2026-03-01T13:00:00Z,2026-03-01T13:20:01Z,auth,auth_enUS_labelerexp,at://did:plc:kmc66jivxepa4gitqcrh7tzd/app.bsky.feed.post/3mfys2m6r3s2u,0,0,0,0
677ede042caf48c384446ddbc6cc4a83,2026-03-01T13:00:00Z,2026-03-01T13:20:01Z,auth,auth_enUS_labelerexp,at://did:plc:xl36iesgq2g76wcptldj5tbo/app.bsky.feed.post/3mfys23l5es2p,2,0,1,0
677ede042caf48c384446ddbc6cc4a83,2026-03-01T13:00:00Z,2026-03-01T13:20:01Z,auth,auth_enUS_labelerexp,at://did:plc:qc4mmpryl53ddlb6qzjo774m/app.bsky.feed.post/3mfyryxmnx22p,1,1,0,0
677ede042caf48c384446ddbc6cc4a83,2026-03-01T13:00:00Z,2026-03-01T13:20:01Z,auth,auth_enUS_labelerexp,at://did:plc:ivmdh3pw3ct2qu2nadls7xgm/app.bsky.feed.post/3mfyrywpahx2b,0,0,0,0
677ede042caf48c384446ddbc6cc4a83,2026-03-01T13:00:00Z,2026-03-01T13:20:01Z,auth,auth_enUS_labelerexp,at://did:plc:efllzq7sfvbg52ljsmcnoblu/app.bsky.feed.post/3mfyryj4w422w,2,0,1,0
677ede042caf48c384446ddbc6cc4a83,2026-03-01T13:00:00Z,2026-03-01T13:20:08Z,auth,auth_enUS_labelerexp,at://did:plc:mfcu72jhgelckt2ln4xaxbrt/app.bsky.feed.post/3mfyqqlaqcc2y,1,0,0,0
677ede042caf48c384446ddbc6cc4a83,2026-03-01T13:00:00Z,2026-03-01T13:20:08Z,auth,auth_enUS_labelerexp,at://did:plc:whwuvhtfqbyf7432aj46najd/app.bsky.feed.post/3mfyqpfnoas2u,3,0,0,0
677ede042caf48c384446ddbc6cc4a83,2026-03-01T13:00:00Z,2026-03-01T13:20:08Z,auth,auth_enUS_labelerexp,at://did:plc:xgowmged7x6rnlquoldsydy5/app.bsky.feed.post/3mfypqdon2k23,5,0,3,0
677ede042caf48c384446ddbc6cc4a83,2026-03-01T13:00:00Z,2026-03-01T13:20:08Z,auth,auth_enUS_labelerexp,at://did:plc:cdoajlh6tqarm74y6ltadacm/app.bsky.feed.post/3mfypmumdf4y2,1,0,0,0
677ede042caf48c384446ddbc6cc4a83,2026-03-01T13:00:00Z,2026-03-01T13:20:08Z,auth,auth_enUS_labelerexp,at://did:plc:4zocj43bdrhtl32rnqz7mirt/app.bsky.feed.post/3mfyp2ijphk2t,5,0,0,0
677ede042caf48c384446ddbc6cc4a83,2026-03-01T13:00:00Z,2026-03-01T13:20:08Z,auth,auth_enUS_labelerexp,at://did:plc:btwjxcid7kcwyoyn5trms5mc/app.bsky.feed.post/3mfylywnjsc2c,37,2,1,0
677ede042caf48c384446ddbc6cc4a83,2026-03-01T13:00:00Z,2026-03-01T13:20:08Z,auth,auth_enUS_labelerexp,at://did:plc:77hmgjuix5joqpzubd4jwzzs/app.bsky.feed.post/3mfyl2vhnts2y,2,0,0,0
677ede042caf48c384446ddbc6cc4a83,2026-03-01T13:00:00Z,2026-03-01T13:20:08Z,auth,auth_enUS_labelerexp,at://did:plc:fmmclg4jdgstaykyftdpxmqb/app.bsky.feed.post/3mfykrveoz22s,16,1,0,0
677ede042caf48c384446ddbc6cc4a83,2026-03-01T13:00:00Z,2026-03-01T13:20:08Z,auth,auth_enUS_labelerexp,at://did:plc:fgfjzoh2tjdu5yiq77eyhyi3/app.bsky.feed.post/3mfyjdq6dnc2q,12,3,0,0
677ede042caf48c384446ddbc6cc4a83,2026-03-01T13:00:00Z,2026-03-01T13:20:08Z,auth,auth_enUS_labelerexp,at://did:plc:4cy7txtzuk7x3iilc2t2nu66/app.bsky.feed.post/3mfyj7kn6gk24,2,0,0,0
677ede042caf48c384446ddbc6cc4a83,2026-03-01T13:00:00Z,2026-03-01T13:20:08Z,auth,auth_enUS_labelerexp,at://did:plc:katikcsvcavrr7wtyrf7jd6e/app.bsky.feed.post/3mfyibgir3k2g,0,0,0,0
677ede042caf48c384446ddbc6cc4a83,2026-03-01T13:00:00Z,2026-03-01T13:20:08Z,auth,auth_enUS_labelerexp,at://did:plc:7uzug2vwidv5g7pgdjupri23/app.bsky.feed.post/3mfyh3lvewk2k,16,1,0,0
677ede042caf48c384446ddbc6cc4a83,2026-03-01T13:00:00Z,2026-03-01T13:20:08Z,auth,auth_enUS_labelerexp,at://did:plc:x22tmznc7nibefludj3p6yz7/app.bsky.feed.post/3mfyfvknvo22y,0,0,0,0
677ede042caf48c384446ddbc6cc4a83,2026-03-01T13:00:00Z,2026-03-01T13:20:08Z,auth,auth_enUS_labelerexp,at://did:plc:sfeipr3tmnrazbfaah3cl6eu/app.bsky.feed.post/3mfye3xnaqc2r,14,0,0,0
677ede042caf48c384446ddbc6cc4a83,2026-03-01T13:00:00Z,2026-03-01T13:20:08Z,auth,auth_enUS_labelerexp,at://did:plc:2yphpchippttlu5kjlfclrgz/app.bsky.feed.post/3mfyd2p65c32h,38,3,0,0
677ede042caf48c384446ddbc6cc4a83,2026-03-01T13:00:00Z,2026-03-01T13:20:08Z,auth,auth_enUS_labelerexp,at://did:plc:5mb2erasymciqu74opoxjcro/app.bsky.feed.post/3mfyb4n7su22s,7,1,0,0
677ede042caf48c384446ddbc6cc4a83,2026-03-01T13:00:00Z,2026-03-01T13:20:08Z,auth,auth_enUS_labelerexp,at://did:plc:hkv4t5kntbujuqwv4xw3kgqy/app.bsky.feed.post/3mfy4cziwhs2f,6,1,0,0
677ede042caf48c384446ddbc6cc4a83,2026-03-01T13:00:00Z,2026-03-01T13:20:08Z,auth,auth_enUS_labelerexp,at://did:plc:cqjnwu5lvvbqe7rbuyoq5k26/app.bsky.feed.post/3mfy46knq5k22,0,0,0,0
677ede042caf48c384446ddbc6cc4a83,2026-03-01T13:00:00Z,2026-03-01T13:20:08Z,auth,auth_enUS_labelerexp,at://did:plc:n337ktyjowhlm3ciiuvn3wzr/app.bsky.feed.post/3mfxz2gxg7k2z,103,12,0,0
677ede042caf48c384446ddbc6cc4a83,2026-03-01T13:00:00Z,2026-03-01T13:20:08Z,auth,auth_enUS_labelerexp,at://did:plc:cqjnwu5lvvbqe7rbuyoq5k26/app.bsky.feed.post/3mfxyhjlvk222,4,1,1,0
677ede042caf48c384446ddbc6cc4a83,2026-03-01T13:00:00Z,2026-03-01T13:20:08Z,auth,auth_enUS_labelerexp,at://did:plc:35e3eoklcq6mwjbaomgswlc6/app.bsky.feed.post/3mfxxga733l2v,51,10,0,1
677ede042caf48c384446ddbc6cc4a83,2026-03-01T13:00:00Z,2026-03-01T13:20:08Z,auth,auth_enUS_labelerexp,at://did:plc:bym3et4lrh2jnetafga66yt6/app.bsky.feed.post/3mfxwz75syc24,5,0,0,0
677ede042caf48c384446ddbc6cc4a83,2026-03-01T13:00:00Z,2026-03-01T13:20:08Z,auth,auth_enUS_labelerexp,at://did:plc:qejq7lzphqexd5x75xd4yf4u/app.bsky.feed.post/3mfxumu5r7225,9,1,0,0
677ede042caf48c384446ddbc6cc4a83,2026-03-01T13:00:00Z,2026-03-01T13:20:08Z,auth,auth_enUS_labelerexp,at://did:plc:lmhjnbey3mwuxjlcjmi62pek/app.bsky.feed.post/3mfxtzfj6bs2e,15,2,0,1
677ede042caf48c384446ddbc6cc4a83,2026-03-01T13:00:00Z,2026-03-01T13:20:08Z,auth,auth_enUS_labelerexp,at://did:plc:v33wyvhs7w4ghqctai2n5t2e/app.bsky.feed.post/3mfxtpnftkk2c,12,0,0,0
677ede042caf48c384446ddbc6cc4a83,2026-03-01T13:00:00Z,2026-03-01T13:20:08Z,auth,auth_enUS_labelerexp,at://did:plc:3nwppbyiovfqjavltir66b2w/app.bsky.feed.post/3mfxkji2cck2p,12,1,2,0
677ede042caf48c384446ddbc6cc4a83,2026-03-01T13:00:00Z,2026-03-01T13:20:08Z,auth,auth_enUS_labelerexp,at://did:plc:2gy7kfae7qsi7frycuexolah/app.bsky.feed.post/3mfxiz5fwh222,4,1,1,0
677ede042caf48c384446ddbc6cc4a83,2026-03-01T13:00:00Z,2026-03-01T13:20:08Z,auth,auth_enUS_labelerexp,at://did:plc:v5z3xu4mzml4suovffjyvc7u/app.bsky.feed.post/3mfxic4b6m22c,4,0,0,0
677ede042caf48c384446ddbc6cc4a83,2026-03-01T13:00:00Z,2026-03-01T13:20:08Z,auth,auth_enUS_labelerexp,at://did:plc:wn7lbapi2arlp7w7xcaqs3wr/app.bsky.feed.post/3mfxhz75vc22x,30,3,0,0
677ede042caf48c384446ddbc6cc4a83,2026-03-01T13:00:00Z,2026-03-01T13:20:08Z,auth,auth_enUS_labelerexp,at://did:plc:v54hc63xdpt6qvoqd2foizsw/app.bsky.feed.post/3mfxgdym7a22v,14,1,1,1
677ede042caf48c384446ddbc6cc4a83,2026-03-01T13:00:00Z,2026-03-01T13:20:08Z,auth,auth_enUS_labelerexp,at://did:plc:36ypc5pnla5akhya3yowjan5/app.bsky.feed.post/3mfxfjawal22a,12,1,0,0
677ede042caf48c384446ddbc6cc4a83,2026-03-01T13:00:00Z,2026-03-01T13:20:08Z,auth,auth_enUS_labelerexp,at://did:plc:bzuz7vj6gwy3uixchmr2rez5/app.bsky.feed.post/3mfxenm3s3222,4,1,0,0
677ede042caf48c384446ddbc6cc4a83,2026-03-01T13:00:00Z,2026-03-01T13:20:08Z,auth,auth_enUS_labelerexp,at://did:plc:np5rh3kltoyoh4b3sphwtjrt/app.bsky.feed.post/3mfxemenuac2q,9,2,0,0
677ede042caf48c384446ddbc6cc4a83,2026-03-01T13:00:00Z,2026-03-01T13:20:08Z,auth,auth_enUS_labelerexp,at://did:plc:mcznyikl5iroqc4zazok4u7e/app.bsky.feed.post/3mfxdvydn2v2m,8,0,1,0
677ede042caf48c384446ddbc6cc4a83,2026-03-01T13:00:00Z,2026-03-01T13:20:08Z,auth,auth_enUS_labelerexp,at://did:plc:q7rciivh6mkprse66zkimams/app.bsky.feed.post/3mfxdpekcik2p,9,0,1,0
677ede042caf48c384446ddbc6cc4a83,2026-03-01T13:00:00Z,2026-03-01T13:20:08Z,auth,auth_enUS_labelerexp,at://did:plc:reafmp2yegux3tqvfpk5hrx2/app.bsky.feed.post/3mfxdizdqhk2j,21,1,0,0
677ede042caf48c384446ddbc6cc4a83,2026-03-01T13:00:00Z,2026-03-01T13:20:08Z,auth,auth_enUS_labelerexp,at://did:plc:hnsfedvehxc6zcjbp57xdcxz/app.bsky.feed.post/3mfxdiytnss2z,39,4,0,0
677ede042caf48c384446ddbc6cc4a83,2026-03-01T13:00:00Z,2026-03-01T13:20:08Z,auth,auth_enUS_labelerexp,at://did:plc:afhlwot77c2yl5rtgnwa572t/app.bsky.feed.post/3mfxdiwuzvs2h,4,0,0,0
677ede042caf48c384446ddbc6cc4a83,2026-03-01T13:00:00Z,2026-03-01T13:20:08Z,auth,auth_enUS_labelerexp,at://did:plc:g3zhwzmaox6pzkdqrdpibjxe/app.bsky.feed.post/3mfxd56hwkc2i,4,0,0,0
677ede042caf48c384446ddbc6cc4a83,2026-03-01T13:00:00Z,2026-03-01T13:20:08Z,auth,auth_enUS_labelerexp,at://did:plc:2xhxgq7tp55b3jxmg5wnncvc/app.bsky.feed.post/3mfxcuswet22q,3,0,0,0
677ede042caf48c384446ddbc6cc4a83,2026-03-01T13:00:00Z,2026-03-01T13:20:08Z,auth,auth_enUS_labelerexp,at://did:plc:o763ufl4hepf7jbobafzjt3v/app.bsky.feed.post/3mfxbybjpgs24,0,0,0,0
677ede042caf48c384446ddbc6cc4a83,2026-03-01T13:00:00Z,2026-03-01T13:20:08Z,auth,auth_enUS_labelerexp,at://did:plc:karqah6zkfiark2ttjpnlvft/app.bsky.feed.post/3mfxbpct7hc2d,173,43,2,2
677ede042caf48c384446ddbc6cc4a83,2026-03-01T13:00:00Z,2026-03-01T13:20:08Z,auth,auth_enUS_labelerexp,at://did:plc:ojidikrufjpjorac4lkwjwti/app.bsky.feed.post/3mfx6u4bkrk2h,15,1,0,0
677ede042caf48c384446ddbc6cc4a83,2026-03-01T13:00:00Z,2026-03-01T13:20:08Z,auth,auth_enUS_labelerexp,at://did:plc:hbjn7kp6v7dwkkfgzqnpxxi6/app.bsky.feed.post/3mfx3ntv22s23,12,0,0,0
677ede042caf48c384446ddbc6cc4a83,2026-03-01T13:00:00Z,2026-03-01T13:20:08Z,auth,auth_enUS_labelerexp,at://did:plc:wl75cdds7mi6qryihpn5phyp/app.bsky.feed.post/3mfx2ypdhwk2m,4,0,1,0
677ede042caf48c384446ddbc6cc4a83,2026-03-01T13:00:00Z,2026-03-01T13:20:08Z,auth,auth_enUS_labelerexp,at://did:plc:tyqfxlq3gj232isvox72j37u/app.bsky.feed.post/3mfx2pdsecc2c,5,0,0,0
677ede042caf48c384446ddbc6cc4a83,2026-03-01T13:00:00Z,2026-03-01T13:20:08Z,auth,auth_enUS_labelerexp,at://did:plc:b6so6bv55yaipde553qos4jp/app.bsky.feed.post/3mfx2pctptc24,16,0,0,0
677ede042caf48c384446ddbc6cc4a83,2026-03-01T13:00:00Z,2026-03-01T13:20:08Z,auth,auth_enUS_labelerexp,at://did:plc:mfymcz74x32wazyonc42nhzw/app.bsky.feed.post/3mfwzm3lyvs2n,359,49,10,0
677ede042caf48c384446ddbc6cc4a83,2026-03-01T13:00:00Z,2026-03-01T13:20:08Z,auth,auth_enUS_labelerexp,at://did:plc:w4vsjmek67d7picjohdoj6qj/app.bsky.feed.post/3mfwysyij4k2l,32,3,0,0
677ede042caf48c384446ddbc6cc4a83,2026-03-01T13:00:00Z,2026-03-01T13:20:08Z,auth,auth_enUS_labelerexp,at://did:plc:w4vsjmek67d7picjohdoj6qj/app.bsky.feed.post/3mfwyba2i2s2l,36,2,0,0
