run_id,snapshot_hour_utc,captured_at_utc,viewer_mode,vantage_id,post_uri,post_cid,label_src,label_val,label_neg,label_uri,label_cts
ca0b3a0addc74faaafec1e72b96c3bd2,2026-02-24T08:00:00Z,2026-02-24T08:12:20Z,auth,auth_enUS_labelerexp,at://did:plc:p73seh4ghgthjacaumcdl7za/app.bsky.feed.post/3mfjwvbms7k2t,bafyreieeuneszldapnsz35jp34gxf5gl5idbgj6tkz6juee3f4bjuhdl4a,did:plc:uac6er53o2pvr5y2qmvaf7hw,high-total-facet-count,,at://did:plc:p73seh4ghgthjacaumcdl7za/app.bsky.feed.post/3mfjwvbms7k2t,2026-02-23T15:13:29.243Z
ca0b3a0addc74faaafec1e72b96c3bd2,2026-02-24T08:00:00Z,2026-02-24T08:12:20Z,auth,auth_enUS_labelerexp,at://did:plc:p73seh4ghgthjacaumcdl7za/app.bsky.feed.post/3mfjwvbms7k2t,bafyreieeuneszldapnsz35jp34gxf5gl5idbgj6tkz6juee3f4bjuhdl4a,did:plc:ar7c4by46qjdydhdevvrndac,porn,,at://did:plc:p73seh4ghgthjacaumcdl7za/app.bsky.feed.post/3mfjwvbms7k2t,2026-02-23T15:13:29.069Z
ca0b3a0addc74faaafec1e72b96c3bd2,2026-02-24T08:00:00Z,2026-02-24T08:12:20Z,auth,auth_enUS_labelerexp,at://did:plc:lg5ubh3ryod4w2mwlnxumfk3/app.bsky.feed.post/3mfjicuwrtz2y,bafyreianzt3smogcioyscjddrj2ylirp3kgpns7ubers726esfk6dcbfja,did:plc:ar7c4by46qjdydhdevvrndac,sexual,,at://did:plc:lg5ubh3ryod4w2mwlnxumfk3/app.bsky.feed.post/3mfjicuwrtz2y,2026-02-23T10:52:40.388Z
ca0b3a0addc74faaafec1e72b96c3bd2,2026-02-24T08:00:00Z,2026-02-24T08:12:20Z,auth,auth_enUS_labelerexp,at://did:plc:lg5ubh3ryod4w2mwlnxumfk3/app.bsky.feed.post/3mfhk2nvrev2l,bafyreidqpyouxtmurs4fjr3wrv3c54yd53cypkiikugxx5xaftrefwfeiu,did:plc:ar7c4by46qjdydhdevvrndac,sexual,,at://did:plc:lg5ubh3ryod4w2mwlnxumfk3/app.bsky.feed.post/3mfhk2nvrev2l,2026-02-22T16:18:32.525Z
ca0b3a0addc74faaafec1e72b96c3bd2,2026-02-24T08:00:00Z,2026-02-24T08:12:20Z,auth,auth_enUS_labelerexp,at://did:plc:cixnk5tla2bsgt5oiuh7h5qs/app.bsky.feed.post/3mfgcqlfgts2d,bafyreiesnwukiom7uqzmwyomotvscb562um3io7bj35uqonzg6a3hrku74,did:plc:ar7c4by46qjdydhdevvrndac,porn,,at://did:plc:cixnk5tla2bsgt5oiuh7h5qs/app.bsky.feed.post/3mfgcqlfgts2d,2026-02-22T04:35:00.684Z
ca0b3a0addc74faaafec1e72b96c3bd2,2026-02-24T08:00:00Z,2026-02-24T08:12:20Z,auth,auth_enUS_labelerexp,at://did:plc:syijvilo5leepzzuy7d3bdkr/app.bsky.feed.post/3mffuv7i43k2u,bafyreicxgbycgyrbx74dtwdjn6ccdj54pufdwrz6wof7uucsnugmxnvrai,did:plc:syijvilo5leepzzuy7d3bdkr,sexual,,at://did:plc:syijvilo5leepzzuy7d3bdkr/app.bsky.feed.post/3mffuv7i43k2u,2026-02-22T00:26:58.429Z
ca0b3a0addc74faaafec1e72b96c3bd2,2026-02-24T08:00:00Z,2026-02-24T08:12:20Z,auth,auth_enUS_labelerexp,at://did:plc:syijvilo5leepzzuy7d3bdkr/app.bsky.feed.post/3mffuv7i43k2u,bafyreicxgbycgyrbx74dtwdjn6ccdj54pufdwrz6wof7uucsnugmxnvrai,did:plc:ar7c4by46qjdydhdevvrndac,porn,,at://did:plc:syijvilo5leepzzuy7d3bdkr/app.bsky.actor.profile/self,2025-12-18T22:43:30.876Z
ca0b3a0addc74faaafec1e72b96c3bd2,2026-02-24T08:00:00Z,2026-02-24T08:12:20Z,auth,auth_enUS_labelerexp,at://did:plc:syijvilo5leepzzuy7d3bdkr/app.bsky.feed.post/3mffuv7i43k2u,bafyreicxgbycgyrbx74dtwdjn6ccdj54pufdwrz6wof7uucsnugmxnvrai,did:plc:syijvilo5leepzzuy7d3bdkr,!no-unauthenticated,,at://did:plc:syijvilo5leepzzuy7d3bdkr/app.bsky.actor.profile/self,1970-01-01T00:00:00.000Z
ca0b3a0addc74faaafec1e72b96c3bd2,2026-02-24T08:00:00Z,2026-02-24T08:12:20Z,auth,auth_enUS_labelerexp,at://did:plc:lg5ubh3ryod4w2mwlnxumfk3/app.bsky.feed.post/3mff5qfbvy42c,bafyreibifgqitbny7r2sa4i7as34bp4h7tsvgdztfyqg2pamiuosobfiw4,did:plc:ar7c4by46qjdydhdevvrndac,sexual,,at://did:plc:lg5ubh3ryod4w2mwlnxumfk3/app.bsky.feed.post/3mff5qfbvy42c,2026-02-21T17:32:43.902Z
ca0b3a0addc74faaafec1e72b96c3bd2,2026-02-24T08:00:00Z,2026-02-24T08:12:20Z,auth,auth_enUS_labelerexp,at://did:plc:lg5ubh3ryod4w2mwlnxumfk3/app.bsky.feed.post/3mfcmuww5ka24,bafyreido66cqxrgstw66zjz5k3kc4oluwff3d4dtwuxqdfnmfq3w3hxi6y,did:plc:ar7c4by46qjdydhdevvrndac,sexual,,at://did:plc:lg5ubh3ryod4w2mwlnxumfk3/app.bsky.feed.post/3mfcmuww5ka24,2026-02-20T17:25:42.743Z
ca0b3a0addc74faaafec1e72b96c3bd2,2026-02-24T08:00:00Z,2026-02-24T08:12:20Z,auth,auth_enUS_labelerexp,at://did:plc:s5i4rltqbwgogplu2j6blniu/app.bsky.feed.post/3mfau7gzizs2c,bafyreifgsds5qsh4mub25imvww2ylkpkqkn3kzvap3ofc4tnv5acpaqnpu,did:plc:ar7c4by46qjdydhdevvrndac,sexual,,at://did:plc:s5i4rltqbwgogplu2j6blniu/app.bsky.feed.post/3mfau7gzizs2c,2026-02-20T00:31:31.508Z
ca0b3a0addc74faaafec1e72b96c3bd2,2026-02-24T08:00:00Z,2026-02-24T08:12:20Z,auth,auth_enUS_labelerexp,at://did:plc:gw4m4yvv6tqx3v5wvyttgkpt/app.bsky.feed.post/3mfaifjzpd52n,bafyreihikjated26bhehlo4ota4tnga7kgihzrqbstzs3dqg44tmhtx7kq,did:plc:ar7c4by46qjdydhdevvrndac,sexual,,at://did:plc:gw4m4yvv6tqx3v5wvyttgkpt/app.bsky.feed.post/3mfaifjzpd52n,2026-02-19T21:00:11.588Z
ca0b3a0addc74faaafec1e72b96c3bd2,2026-02-24T08:00:00Z,2026-02-24T08:12:20Z,auth,auth_enUS_labelerexp,at://did:plc:syijvilo5leepzzuy7d3bdkr/app.bsky.feed.post/3mfa2xilhps2g,bafyreihczdudmbkk2k7wdfhy7xtv26n2hpjmckqhxp4mpm5qrvqcpxpd7a,did:plc:syijvilo5leepzzuy7d3bdkr,porn,,at://did:plc:syijvilo5leepzzuy7d3bdkr/app.bsky.feed.post/3mfa2xilhps2g,2026-02-19T16:59:39.106Z
ca0b3a0addc74faaafec1e72b96c3bd2,2026-02-24T08:00:00Z,2026-02-24T08:12:20Z,auth,auth_enUS_labelerexp,at://did:plc:syijvilo5leepzzuy7d3bdkr/app.bsky.feed.post/3mfa2xilhps2g,bafyreihczdudmbkk2k7wdfhy7xtv26n2hpjmckqhxp4mpm5qrvqcpxpd7a,did:plc:ar7c4by46qjdydhdevvrndac,porn,,at://did:plc:syijvilo5leepzzuy7d3bdkr/app.bsky.actor.profile/self,2025-12-18T22:43:30.876Z
ca0b3a0addc74faaafec1e72b96c3bd2,2026-02-24T08:00:00Z,2026-02-24T08:12:20Z,auth,auth_enUS_labelerexp,at://did:plc:syijvilo5leepzzuy7d3bdkr/app.bsky.feed.post/3mfa2xilhps2g,bafyreihczdudmbkk2k7wdfhy7xtv26n2hpjmckqhxp4mpm5qrvqcpxpd7a,did:plc:syijvilo5leepzzuy7d3bdkr,!no-unauthenticated,,at://did:plc:syijvilo5leepzzuy7d3bdkr/app.bsky.actor.profile/self,1970-01-01T00:00:00.000Z
ca0b3a0addc74faaafec1e72b96c3bd2,2026-02-24T08:00:00Z,2026-02-24T08:12:20Z,auth,auth_enUS_labelerexp,at://did:plc:hrfvga7ts2u6kdtwwdfcxrok/app.bsky.feed.post/3mf7saj7bzk2j,bafyreibhifjwo3asu6nebbi3gfrd7esnmkquxq25xmfwqmiscz6gi2gswa,did:plc:uac6er53o2pvr5y2qmvaf7hw,high-hashtag-count,,at://did:plc:hrfvga7ts2u6kdtwwdfcxrok/app.bsky.feed.post/3mf7saj7bzk2j,2026-02-19T14:23:42.719Z
ca0b3a0addc74faaafec1e72b96c3bd2,2026-02-24T08:00:00Z,2026-02-24T08:12:20Z,auth,auth_enUS_labelerexp,at://did:plc:hrfvga7ts2u6kdtwwdfcxrok/app.bsky.feed.post/3mf7saj7bzk2j,bafyreibhifjwo3asu6nebbi3gfrd7esnmkquxq25xmfwqmiscz6gi2gswa,did:plc:uac6er53o2pvr5y2qmvaf7hw,high-total-facet-count,,at://did:plc:hrfvga7ts2u6kdtwwdfcxrok/app.bsky.feed.post/3mf7saj7bzk2j,2026-02-19T14:23:42.711Z
ca0b3a0addc74faaafec1e72b96c3bd2,2026-02-24T08:00:00Z,2026-02-24T08:12:20Z,auth,auth_enUS_labelerexp,at://did:plc:va2ddwup34vunnoajlnoxjgz/app.bsky.feed.post/3mf7nlekrg523,bafyreidmrsn7dnauowjpttvxbdhve63e6iovvgvntnuwb4hkp7jsqokkrm,did:plc:ar7c4by46qjdydhdevvrndac,sexual,,at://did:plc:va2ddwup34vunnoajlnoxjgz/app.bsky.feed.post/3mf7nlekrg523,2026-02-19T13:00:15.763Z
ca0b3a0addc74faaafec1e72b96c3bd2,2026-02-24T08:00:00Z,2026-02-24T08:12:20Z,auth,auth_enUS_labelerexp,at://did:plc:uvnrxnb4fvrxwf5u7mccjxao/app.bsky.feed.post/3mf6slcz5sk2b,bafyreicjl2zrxpwnetqvfhtwd3unz62n473u5xz2eejiowlvr32sk3ve7i,did:plc:uvnrxnb4fvrxwf5u7mccjxao,sexual,,at://did:plc:uvnrxnb4fvrxwf5u7mccjxao/app.bsky.feed.post/3mf6slcz5sk2b,2026-02-19T04:57:00.929Z
ca0b3a0addc74faaafec1e72b96c3bd2,2026-02-24T08:00:00Z,2026-02-24T08:12:20Z,auth,auth_enUS_labelerexp,at://did:plc:uvnrxnb4fvrxwf5u7mccjxao/app.bsky.feed.post/3mf6slcz5sk2b,bafyreicjl2zrxpwnetqvfhtwd3unz62n473u5xz2eejiowlvr32sk3ve7i,did:plc:ar7c4by46qjdydhdevvrndac,porn,,at://did:plc:uvnrxnb4fvrxwf5u7mccjxao/app.bsky.actor.profile/self,2025-07-24T14:31:59.336Z
ca0b3a0addc74faaafec1e72b96c3bd2,2026-02-24T08:00:00Z,2026-02-24T08:12:20Z,auth,auth_enUS_labelerexp,at://did:plc:uvnrxnb4fvrxwf5u7mccjxao/app.bsky.feed.post/3mf6slcz5sk2b,bafyreicjl2zrxpwnetqvfhtwd3unz62n473u5xz2eejiowlvr32sk3ve7i,did:plc:uvnrxnb4fvrxwf5u7mccjxao,!no-unauthenticated,,at://did:plc:uvnrxnb4fvrxwf5u7mccjxao/app.bsky.actor.profile/self,2025-01-19T20:56:44.956Z
ca0b3a0addc74faaafec1e72b96c3bd2,2026-02-24T08:00:00Z,2026-02-24T08:12:20Z,auth,auth_enUS_labelerexp,at://did:plc:hrfvga7ts2u6kdtwwdfcxrok/app.bsky.feed.post/3mf5forf7bk24,bafyreidfdy3imx45u4e3oh4f233wdamvmgn3myrq4qmkslhvau5rxfmwwu,did:plc:uac6er53o2pvr5y2qmvaf7hw,high-hashtag-count,,at://did:plc:hrfvga7ts2u6kdtwwdfcxrok/app.bsky.feed.post/3mf5forf7bk24,2026-02-18T15:33:44.846Z
ca0b3a0addc74faaafec1e72b96c3bd2,2026-02-24T08:00:00Z,2026-02-24T08:12:20Z,auth,auth_enUS_labelerexp,at://did:plc:hrfvga7ts2u6kdtwwdfcxrok/app.bsky.feed.post/3mf5forf7bk24,bafyreidfdy3imx45u4e3oh4f233wdamvmgn3myrq4qmkslhvau5rxfmwwu,did:plc:uac6er53o2pvr5y2qmvaf7hw,high-total-facet-count,,at://did:plc:hrfvga7ts2u6kdtwwdfcxrok/app.bsky.feed.post/3mf5forf7bk24,2026-02-18T15:33:44.853Z
ca0b3a0addc74faaafec1e72b96c3bd2,2026-02-24T08:00:00Z,2026-02-24T08:12:20Z,auth,auth_enUS_labelerexp,at://did:plc:p73seh4ghgthjacaumcdl7za/app.bsky.feed.post/3mf5amapg7c2d,bafyreiafz5qe6pelwyff2sjxpwcauyinpf6swgri54q2q6p4rfuetip66u,did:plc:uac6er53o2pvr5y2qmvaf7hw,high-total-facet-count,,at://did:plc:p73seh4ghgthjacaumcdl7za/app.bsky.feed.post/3mf5amapg7c2d,2026-02-18T14:02:46.842Z
ca0b3a0addc74faaafec1e72b96c3bd2,2026-02-24T08:00:00Z,2026-02-24T08:12:20Z,auth,auth_enUS_labelerexp,at://did:plc:p73seh4ghgthjacaumcdl7za/app.bsky.feed.post/3mf5amapg7c2d,bafyreiafz5qe6pelwyff2sjxpwcauyinpf6swgri54q2q6p4rfuetip66u,did:plc:ar7c4by46qjdydhdevvrndac,porn,,at://did:plc:p73seh4ghgthjacaumcdl7za/app.bsky.feed.post/3mf5amapg7c2d,2026-02-18T14:02:46.643Z
ca0b3a0addc74faaafec1e72b96c3bd2,2026-02-24T08:00:00Z,2026-02-24T08:12:20Z,auth,auth_enUS_labelerexp,at://did:plc:7t4go4q7n62hm5fmfgkmfl3n/app.bsky.feed.post/3mf3w5gf4qk2h,bafyreiantthfksx2vnu3tsug6kxfzznzofinbzqj5axudcvjkjvxz2dnri,did:plc:7t4go4q7n62hm5fmfgkmfl3n,sexual,,at://did:plc:7t4go4q7n62hm5fmfgkmfl3n/app.bsky.feed.post/3mf3w5gf4qk2h,2026-02-18T01:22:50.463Z
ca0b3a0addc74faaafec1e72b96c3bd2,2026-02-24T08:00:00Z,2026-02-24T08:12:20Z,auth,auth_enUS_labelerexp,at://did:plc:syijvilo5leepzzuy7d3bdkr/app.bsky.feed.post/3mf37exir3k2w,bafyreia77dqwwdbuyk4cytghzyikgawiivw5h2qd7pljg63oomoprd6qhi,did:plc:syijvilo5leepzzuy7d3bdkr,sexual,,at://did:plc:syijvilo5leepzzuy7d3bdkr/app.bsky.feed.post/3mf37exir3k2w,2026-02-17T18:35:27.228Z
ca0b3a0addc74faaafec1e72b96c3bd2,2026-02-24T08:00:00Z,2026-02-24T08:12:20Z,auth,auth_enUS_labelerexp,at://did:plc:syijvilo5leepzzuy7d3bdkr/app.bsky.feed.post/3mf37exir3k2w,bafyreia77dqwwdbuyk4cytghzyikgawiivw5h2qd7pljg63oomoprd6qhi,did:plc:ar7c4by46qjdydhdevvrndac,porn,,at://did:plc:syijvilo5leepzzuy7d3bdkr/app.bsky.actor.profile/self,2025-12-18T22:43:30.876Z
ca0b3a0addc74faaafec1e72b96c3bd2,2026-02-24T08:00:00Z,2026-02-24T08:12:20Z,auth,auth_enUS_labelerexp,at://did:plc:syijvilo5leepzzuy7d3bdkr/app.bsky.feed.post/3mf37exir3k2w,bafyreia77dqwwdbuyk4cytghzyikgawiivw5h2qd7pljg63oomoprd6qhi,did:plc:syijvilo5leepzzuy7d3bdkr,!no-unauthenticated,,at://did:plc:syijvilo5leepzzuy7d3bdkr/app.bsky.actor.profile/self,1970-01-01T00:00:00.000Z
ca0b3a0addc74faaafec1e72b96c3bd2,2026-02-24T08:00:00Z,2026-02-24T08:12:20Z,auth,auth_enUS_labelerexp,at://did:plc:syijvilo5leepzzuy7d3bdkr/app.bsky.feed.post/3mf34q7sthk2j,bafyreibiiihh7qnf4wbczas5fg2q3nuplr6m4sngdytbsta6f5pbm3yyki,did:plc:syijvilo5leepzzuy7d3bdkr,porn,,at://did:plc:syijvilo5leepzzuy7d3bdkr/app.bsky.feed.post/3mf34q7sthk2j,2026-02-17T17:48:03.822Z
ca0b3a0addc74faaafec1e72b96c3bd2,2026-02-24T08:00:00Z,2026-02-24T08:12:20Z,auth,auth_enUS_labelerexp,at://did:plc:syijvilo5leepzzuy7d3bdkr/app.bsky.feed.post/3mf34q7sthk2j,bafyreibiiihh7qnf4wbczas5fg2q3nuplr6m4sngdytbsta6f5pbm3yyki,did:plc:ar7c4by46qjdydhdevvrndac,porn,,at://did:plc:syijvilo5leepzzuy7d3bdkr/app.bsky.actor.profile/self,2025-12-18T22:43:30.876Z
ca0b3a0addc74faaafec1e72b96c3bd2,2026-02-24T08:00:00Z,2026-02-24T08:12:20Z,auth,auth_enUS_labelerexp,at://did:plc:syijvilo5leepzzuy7d3bdkr/app.bsky.feed.post/3mf34q7sthk2j,bafyreibiiihh7qnf4wbczas5fg2q3nuplr6m4sngdytbsta6f5pbm3yyki,did:plc:syijvilo5leepzzuy7d3bdkr,!no-unauthenticated,,at://did:plc:syijvilo5leepzzuy7d3bdkr/app.bsky.actor.profile/self,1970-01-01T00:00:00.000Z
ca0b3a0addc74faaafec1e72b96c3bd2,2026-02-24T08:00:00Z,2026-02-24T08:12:20Z,auth,auth_enUS_labelerexp,at://did:plc:hrfvga7ts2u6kdtwwdfcxrok/app.bsky.feed.post/3mf2yolzvc22u,bafyreidw55mpxg6noxkjqb5zci5h6b25zyh6vt43zo23ip4szfc53f2dgm,did:plc:uac6er53o2pvr5y2qmvaf7hw,high-hashtag-count,,at://did:plc:hrfvga7ts2u6kdtwwdfcxrok/app.bsky.feed.post/3mf2yolzvc22u,2026-02-17T16:35:39.202Z
ca0b3a0addc74faaafec1e72b96c3bd2,2026-02-24T08:00:00Z,2026-02-24T08:12:20Z,auth,auth_enUS_labelerexp,at://did:plc:hrfvga7ts2u6kdtwwdfcxrok/app.bsky.feed.post/3mf2yolzvc22u,bafyreidw55mpxg6noxkjqb5zci5h6b25zyh6vt43zo23ip4szfc53f2dgm,did:plc:uac6er53o2pvr5y2qmvaf7hw,high-total-facet-count,,at://did:plc:hrfvga7ts2u6kdtwwdfcxrok/app.bsky.feed.post/3mf2yolzvc22u,2026-02-17T16:35:39.208Z
ca0b3a0addc74faaafec1e72b96c3bd2,2026-02-24T08:00:00Z,2026-02-24T08:12:20Z,auth,auth_enUS_labelerexp,at://did:plc:p73seh4ghgthjacaumcdl7za/app.bsky.feed.post/3mf2xbyajps2i,bafyreihhimmolsgqywdn7vdfvbynkhttybfs6wttm5s6gzvpwiuu5e65ni,did:plc:uac6er53o2pvr5y2qmvaf7hw,high-total-facet-count,,at://did:plc:p73seh4ghgthjacaumcdl7za/app.bsky.feed.post/3mf2xbyajps2i,2026-02-17T16:10:46.028Z
ca0b3a0addc74faaafec1e72b96c3bd2,2026-02-24T08:00:00Z,2026-02-24T08:12:20Z,auth,auth_enUS_labelerexp,at://did:plc:p73seh4ghgthjacaumcdl7za/app.bsky.feed.post/3mf2xbyajps2i,bafyreihhimmolsgqywdn7vdfvbynkhttybfs6wttm5s6gzvpwiuu5e65ni,did:plc:ar7c4by46qjdydhdevvrndac,porn,,at://did:plc:p73seh4ghgthjacaumcdl7za/app.bsky.feed.post/3mf2xbyajps2i,2026-02-22T09:39:17.680Z
ca0b3a0addc74faaafec1e72b96c3bd2,2026-02-24T08:00:00Z,2026-02-24T08:12:20Z,auth,auth_enUS_labelerexp,at://did:plc:gw4m4yvv6tqx3v5wvyttgkpt/app.bsky.feed.post/3meywyzlwhc2c,bafyreihnu23xsy2f7jx5ipyj5kejlk7gu2nmxjzcowbmpl5vma2zgp2nne,did:plc:ar7c4by46qjdydhdevvrndac,sexual,,at://did:plc:gw4m4yvv6tqx3v5wvyttgkpt/app.bsky.feed.post/3meywyzlwhc2c,2026-02-16T21:00:20.002Z
ca0b3a0addc74faaafec1e72b96c3bd2,2026-02-24T08:00:00Z,2026-02-24T08:12:20Z,auth,auth_enUS_labelerexp,at://did:plc:va2ddwup34vunnoajlnoxjgz/app.bsky.feed.post/3meyjojno2n2g,bafyreih2acggduzsxlz52v4y3s22ysw7ezte3xoh6ncgsb64ytj4x4lsx4,did:plc:ar7c4by46qjdydhdevvrndac,sexual,,at://did:plc:va2ddwup34vunnoajlnoxjgz/app.bsky.feed.post/3meyjojno2n2g,2026-02-16T17:01:48.552Z
ca0b3a0addc74faaafec1e72b96c3bd2,2026-02-24T08:00:00Z,2026-02-24T08:12:20Z,auth,auth_enUS_labelerexp,at://did:plc:urgnc7sej2uw227nyb7yfxtl/app.bsky.feed.post/3meyh32lf6c2y,bafyreieg3j473nmbknu3lsca2r4dqnfuq57ftqqojmsrwqcqhok2sexwp4,did:plc:urgnc7sej2uw227nyb7yfxtl,porn,,at://did:plc:urgnc7sej2uw227nyb7yfxtl/app.bsky.feed.post/3meyh32lf6c2y,2026-02-16T16:15:05.636Z
ca0b3a0addc74faaafec1e72b96c3bd2,2026-02-24T08:00:00Z,2026-02-24T08:12:20Z,auth,auth_enUS_labelerexp,at://did:plc:tp7ppz6a3eyduaw4z6kp3k2k/app.bsky.feed.post/3mextx4ux2s2l,bafyreiedpznlge7rcryrqdsyshhy27fuowgu3czhghqwfdbjqbmmqqozlu,did:plc:uac6er53o2pvr5y2qmvaf7hw,high-hashtag-count,,at://did:plc:tp7ppz6a3eyduaw4z6kp3k2k/app.bsky.feed.post/3mextx4ux2s2l,2026-02-16T10:32:58.436Z
ca0b3a0addc74faaafec1e72b96c3bd2,2026-02-24T08:00:00Z,2026-02-24T08:12:20Z,auth,auth_enUS_labelerexp,at://did:plc:tp7ppz6a3eyduaw4z6kp3k2k/app.bsky.feed.post/3mextx4ux2s2l,bafyreiedpznlge7rcryrqdsyshhy27fuowgu3czhghqwfdbjqbmmqqozlu,did:plc:uac6er53o2pvr5y2qmvaf7hw,high-total-facet-count,,at://did:plc:tp7ppz6a3eyduaw4z6kp3k2k/app.bsky.feed.post/3mextx4ux2s2l,2026-02-16T10:32:58.428Z
ca0b3a0addc74faaafec1e72b96c3bd2,2026-02-24T08:00:00Z,2026-02-24T08:12:20Z,auth,auth_enUS_labelerexp,at://did:plc:tp7ppz6a3eyduaw4z6kp3k2k/app.bsky.feed.post/3mextx4ux2s2l,bafyreiedpznlge7rcryrqdsyshhy27fuowgu3czhghqwfdbjqbmmqqozlu,did:plc:ar7c4by46qjdydhdevvrndac,nudity,,at://did:plc:tp7ppz6a3eyduaw4z6kp3k2k/app.bsky.feed.post/3mextx4ux2s2l,2026-02-16T10:32:59.354Z
ca0b3a0addc74faaafec1e72b96c3bd2,2026-02-24T08:00:00Z,2026-02-24T08:12:20Z,auth,auth_enUS_labelerexp,at://did:plc:tp7ppz6a3eyduaw4z6kp3k2k/app.bsky.feed.post/3mextx4ux2s2l,bafyreiedpznlge7rcryrqdsyshhy27fuowgu3czhghqwfdbjqbmmqqozlu,did:plc:uac6er53o2pvr5y2qmvaf7hw,telegram-link,,at://did:plc:tp7ppz6a3eyduaw4z6kp3k2k/app.bsky.actor.profile/self,2026-02-15T21:42:24.527Z
ca0b3a0addc74faaafec1e72b96c3bd2,2026-02-24T08:00:00Z,2026-02-24T08:12:20Z,auth,auth_enUS_labelerexp,at://did:plc:7t4go4q7n62hm5fmfgkmfl3n/app.bsky.feed.post/3meu2buiiys23,bafyreihhvfr3q525gmnhno5dw2ffrethzrmd5f5kg4ujs2qxekm673vqyq,did:plc:7t4go4q7n62hm5fmfgkmfl3n,sexual,,at://did:plc:7t4go4q7n62hm5fmfgkmfl3n/app.bsky.feed.post/3meu2buiiys23,2026-02-14T22:15:36.534Z
ca0b3a0addc74faaafec1e72b96c3bd2,2026-02-24T08:00:00Z,2026-02-24T08:12:20Z,auth,auth_enUS_labelerexp,at://did:plc:7t4go4q7n62hm5fmfgkmfl3n/app.bsky.feed.post/3metkxkqhdk2e,bafyreifkk6nvincwxtfadngrwx6x3t5pqrxklgwsg3wuplvslnrz4axkzq,did:plc:7t4go4q7n62hm5fmfgkmfl3n,sexual,,at://did:plc:7t4go4q7n62hm5fmfgkmfl3n/app.bsky.feed.post/3metkxkqhdk2e,2026-02-14T17:41:24.638Z
ca0b3a0addc74faaafec1e72b96c3bd2,2026-02-24T08:00:00Z,2026-02-24T08:12:20Z,auth,auth_enUS_labelerexp,at://did:plc:syijvilo5leepzzuy7d3bdkr/app.bsky.feed.post/3metj4ay7ms2l,bafyreien2xro37i4tksjepc5rxqnbnmj3yyafda2xmajsomqv5tdf2bdwi,did:plc:syijvilo5leepzzuy7d3bdkr,sexual,,at://did:plc:syijvilo5leepzzuy7d3bdkr/app.bsky.feed.post/3metj4ay7ms2l,2026-02-14T17:08:14.694Z
ca0b3a0addc74faaafec1e72b96c3bd2,2026-02-24T08:00:00Z,2026-02-24T08:12:20Z,auth,auth_enUS_labelerexp,at://did:plc:syijvilo5leepzzuy7d3bdkr/app.bsky.feed.post/3metj4ay7ms2l,bafyreien2xro37i4tksjepc5rxqnbnmj3yyafda2xmajsomqv5tdf2bdwi,did:plc:ar7c4by46qjdydhdevvrndac,porn,,at://did:plc:syijvilo5leepzzuy7d3bdkr/app.bsky.actor.profile/self,2025-12-18T22:43:30.876Z
ca0b3a0addc74faaafec1e72b96c3bd2,2026-02-24T08:00:00Z,2026-02-24T08:12:20Z,auth,auth_enUS_labelerexp,at://did:plc:syijvilo5leepzzuy7d3bdkr/app.bsky.feed.post/3metj4ay7ms2l,bafyreien2xro37i4tksjepc5rxqnbnmj3yyafda2xmajsomqv5tdf2bdwi,did:plc:syijvilo5leepzzuy7d3bdkr,!no-unauthenticated,,at://did:plc:syijvilo5leepzzuy7d3bdkr/app.bsky.actor.profile/self,1970-01-01T00:00:00.000Z
ca0b3a0addc74faaafec1e72b96c3bd2,2026-02-24T08:00:00Z,2026-02-24T08:12:20Z,auth,auth_enUS_labelerexp,at://did:plc:htivkliiltysbhf3gbjl4kr5/app.bsky.feed.post/3met55sspwk23,bafyreifljj7thl4dk7svl65kfi2ixcsxg3tdqc4ymnxbbd3zymia7gzl7e,did:plc:ar7c4by46qjdydhdevvrndac,sexual,,at://did:plc:htivkliiltysbhf3gbjl4kr5/app.bsky.feed.post/3met55sspwk23,2026-02-14T13:29:26.090Z
ca0b3a0addc74faaafec1e72b96c3bd2,2026-02-24T08:00:00Z,2026-02-24T08:12:20Z,auth,auth_enUS_labelerexp,at://did:plc:htivkliiltysbhf3gbjl4kr5/app.bsky.feed.post/3met55sspwk23,bafyreifljj7thl4dk7svl65kfi2ixcsxg3tdqc4ymnxbbd3zymia7gzl7e,did:plc:ar7c4by46qjdydhdevvrndac,nudity,,at://did:plc:htivkliiltysbhf3gbjl4kr5/app.bsky.actor.profile/self,2024-12-11T11:41:16.091Z
ca0b3a0addc74faaafec1e72b96c3bd2,2026-02-24T08:00:00Z,2026-02-24T08:12:20Z,auth,auth_enUS_labelerexp,at://did:plc:p73seh4ghgthjacaumcdl7za/app.bsky.feed.post/3meqks5t5z22g,bafyreicmdka4d7a57wplialiqa6q7toe2uyuxcztkhlt3xms2r64xkbmvq,did:plc:uac6er53o2pvr5y2qmvaf7hw,high-total-facet-count,,at://did:plc:p73seh4ghgthjacaumcdl7za/app.bsky.feed.post/3meqks5t5z22g,2026-02-13T13:00:26.539Z
ca0b3a0addc74faaafec1e72b96c3bd2,2026-02-24T08:00:00Z,2026-02-24T08:12:20Z,auth,auth_enUS_labelerexp,at://did:plc:p73seh4ghgthjacaumcdl7za/app.bsky.feed.post/3meqks5t5z22g,bafyreicmdka4d7a57wplialiqa6q7toe2uyuxcztkhlt3xms2r64xkbmvq,did:plc:ar7c4by46qjdydhdevvrndac,porn,,at://did:plc:p73seh4ghgthjacaumcdl7za/app.bsky.feed.post/3meqks5t5z22g,2026-02-13T13:00:26.355Z
ca0b3a0addc74faaafec1e72b96c3bd2,2026-02-24T08:00:00Z,2026-02-24T08:12:20Z,auth,auth_enUS_labelerexp,at://did:plc:syijvilo5leepzzuy7d3bdkr/app.bsky.feed.post/3meopkn3nw22q,bafyreidmmsethl4x3hfi7l7sjssx2p3v6vqqpnxk5qshrtgf6jtjbpn76m,did:plc:syijvilo5leepzzuy7d3bdkr,porn,,at://did:plc:syijvilo5leepzzuy7d3bdkr/app.bsky.feed.post/3meopkn3nw22q,2026-02-12T19:20:20.911Z
ca0b3a0addc74faaafec1e72b96c3bd2,2026-02-24T08:00:00Z,2026-02-24T08:12:20Z,auth,auth_enUS_labelerexp,at://did:plc:syijvilo5leepzzuy7d3bdkr/app.bsky.feed.post/3meopkn3nw22q,bafyreidmmsethl4x3hfi7l7sjssx2p3v6vqqpnxk5qshrtgf6jtjbpn76m,did:plc:ar7c4by46qjdydhdevvrndac,porn,,at://did:plc:syijvilo5leepzzuy7d3bdkr/app.bsky.actor.profile/self,2025-12-18T22:43:30.876Z
ca0b3a0addc74faaafec1e72b96c3bd2,2026-02-24T08:00:00Z,2026-02-24T08:12:20Z,auth,auth_enUS_labelerexp,at://did:plc:syijvilo5leepzzuy7d3bdkr/app.bsky.feed.post/3meopkn3nw22q,bafyreidmmsethl4x3hfi7l7sjssx2p3v6vqqpnxk5qshrtgf6jtjbpn76m,did:plc:syijvilo5leepzzuy7d3bdkr,!no-unauthenticated,,at://did:plc:syijvilo5leepzzuy7d3bdkr/app.bsky.actor.profile/self,1970-01-01T00:00:00.000Z
ca0b3a0addc74faaafec1e72b96c3bd2,2026-02-24T08:00:00Z,2026-02-24T08:12:20Z,auth,auth_enUS_labelerexp,at://did:plc:d5xieferdhknknihvk6wnpxe/app.bsky.feed.post/3meo6npfzjc2e,bafyreiftjz4jjnuyqymvcvwydtnixuqncmd7nvranonho34jhqh55jbhia,did:plc:uac6er53o2pvr5y2qmvaf7hw,high-hashtag-count,,at://did:plc:d5xieferdhknknihvk6wnpxe/app.bsky.feed.post/3meo6npfzjc2e,2026-02-12T14:17:53.936Z
ca0b3a0addc74faaafec1e72b96c3bd2,2026-02-24T08:00:00Z,2026-02-24T08:12:20Z,auth,auth_enUS_labelerexp,at://did:plc:d5xieferdhknknihvk6wnpxe/app.bsky.feed.post/3meo6npfzjc2e,bafyreiftjz4jjnuyqymvcvwydtnixuqncmd7nvranonho34jhqh55jbhia,did:plc:uac6er53o2pvr5y2qmvaf7hw,high-total-facet-count,,at://did:plc:d5xieferdhknknihvk6wnpxe/app.bsky.feed.post/3meo6npfzjc2e,2026-02-12T14:17:53.941Z
ca0b3a0addc74faaafec1e72b96c3bd2,2026-02-24T08:00:00Z,2026-02-24T08:12:20Z,auth,auth_enUS_labelerexp,at://did:plc:d5xieferdhknknihvk6wnpxe/app.bsky.feed.post/3meo6npfzjc2e,bafyreiftjz4jjnuyqymvcvwydtnixuqncmd7nvranonho34jhqh55jbhia,did:plc:ar7c4by46qjdydhdevvrndac,porn,,at://did:plc:d5xieferdhknknihvk6wnpxe/app.bsky.actor.profile/self,2025-05-13T07:49:04.684Z
ca0b3a0addc74faaafec1e72b96c3bd2,2026-02-24T08:00:00Z,2026-02-24T08:12:20Z,auth,auth_enUS_labelerexp,at://did:plc:d5xieferdhknknihvk6wnpxe/app.bsky.feed.post/3meo6n7l2uc2y,bafyreiazn7yshmauutuggxw6vuovgogq3suds6vcseqgqijeezjokol2jy,did:plc:uac6er53o2pvr5y2qmvaf7hw,high-hashtag-count,,at://did:plc:d5xieferdhknknihvk6wnpxe/app.bsky.feed.post/3meo6n7l2uc2y,2026-02-12T14:17:35.715Z
ca0b3a0addc74faaafec1e72b96c3bd2,2026-02-24T08:00:00Z,2026-02-24T08:12:20Z,auth,auth_enUS_labelerexp,at://did:plc:d5xieferdhknknihvk6wnpxe/app.bsky.feed.post/3meo6n7l2uc2y,bafyreiazn7yshmauutuggxw6vuovgogq3suds6vcseqgqijeezjokol2jy,did:plc:uac6er53o2pvr5y2qmvaf7hw,high-total-facet-count,,at://did:plc:d5xieferdhknknihvk6wnpxe/app.bsky.feed.post/3meo6n7l2uc2y,2026-02-12T14:17:35.720Z
ca0b3a0addc74faaafec1e72b96c3bd2,2026-02-24T08:00:00Z,2026-02-24T08:12:20Z,auth,auth_enUS_labelerexp,at://did:plc:d5xieferdhknknihvk6wnpxe/app.bsky.feed.post/3meo6n7l2uc2y,bafyreiazn7yshmauutuggxw6vuovgogq3suds6vcseqgqijeezjokol2jy,did:plc:ar7c4by46qjdydhdevvrndac,porn,,at://did:plc:d5xieferdhknknihvk6wnpxe/app.bsky.actor.profile/self,2025-05-13T07:49:04.684Z
ca0b3a0addc74faaafec1e72b96c3bd2,2026-02-24T08:00:00Z,2026-02-24T08:12:20Z,auth,auth_enUS_labelerexp,at://did:plc:d5xieferdhknknihvk6wnpxe/app.bsky.feed.post/3meo6n46rzc24,bafyreia2d5fofhi5sxllteupdp5kkbedbootlifu36b3fcm6ivii6ypkkq,did:plc:uac6er53o2pvr5y2qmvaf7hw,high-hashtag-count,,at://did:plc:d5xieferdhknknihvk6wnpxe/app.bsky.feed.post/3meo6n46rzc24,2026-02-12T14:17:32.898Z
ca0b3a0addc74faaafec1e72b96c3bd2,2026-02-24T08:00:00Z,2026-02-24T08:12:20Z,auth,auth_enUS_labelerexp,at://did:plc:d5xieferdhknknihvk6wnpxe/app.bsky.feed.post/3meo6n46rzc24,bafyreia2d5fofhi5sxllteupdp5kkbedbootlifu36b3fcm6ivii6ypkkq,did:plc:uac6er53o2pvr5y2qmvaf7hw,high-total-facet-count,,at://did:plc:d5xieferdhknknihvk6wnpxe/app.bsky.feed.post/3meo6n46rzc24,2026-02-12T14:17:33.041Z
ca0b3a0addc74faaafec1e72b96c3bd2,2026-02-24T08:00:00Z,2026-02-24T08:12:20Z,auth,auth_enUS_labelerexp,at://did:plc:d5xieferdhknknihvk6wnpxe/app.bsky.feed.post/3meo6n46rzc24,bafyreia2d5fofhi5sxllteupdp5kkbedbootlifu36b3fcm6ivii6ypkkq,did:plc:ar7c4by46qjdydhdevvrndac,sexual,,at://did:plc:d5xieferdhknknihvk6wnpxe/app.bsky.feed.post/3meo6n46rzc24,2026-02-12T14:17:33.033Z
ca0b3a0addc74faaafec1e72b96c3bd2,2026-02-24T08:00:00Z,2026-02-24T08:12:20Z,auth,auth_enUS_labelerexp,at://did:plc:d5xieferdhknknihvk6wnpxe/app.bsky.feed.post/3meo6n46rzc24,bafyreia2d5fofhi5sxllteupdp5kkbedbootlifu36b3fcm6ivii6ypkkq,did:plc:ar7c4by46qjdydhdevvrndac,porn,,at://did:plc:d5xieferdhknknihvk6wnpxe/app.bsky.actor.profile/self,2025-05-13T07:49:04.684Z
ca0b3a0addc74faaafec1e72b96c3bd2,2026-02-24T08:00:00Z,2026-02-24T08:12:23Z,auth,auth_enUS_labelerexp,at://did:plc:iaifhbdrrvebksyobrbwysnw/app.bsky.feed.post/3mflpc2h6s222,bafyreiduw4qcz7mbmplxurb2af6cora2t3t7ovh256pweyvx4c5uslapzy,did:plc:uac6er53o2pvr5y2qmvaf7hw,altrightlink,,at://did:plc:iaifhbdrrvebksyobrbwysnw/app.bsky.actor.profile/self,2026-01-09T05:07:02.212Z
ca0b3a0addc74faaafec1e72b96c3bd2,2026-02-24T08:00:00Z,2026-02-24T08:12:23Z,auth,auth_enUS_labelerexp,at://did:plc:yhzcj75lnqkq6g65ku5q3hip/app.bsky.feed.post/3mflpbwk3qd2b,bafyreie3apwf6aqtpqtinlff37edkezfy4hgqwlqwsj7cooh42vp52scjy,did:plc:uac6er53o2pvr5y2qmvaf7hw,meta-link,,at://did:plc:yhzcj75lnqkq6g65ku5q3hip/app.bsky.feed.post/3mflpbwk3qd2b,2026-02-24T08:02:42.726Z
ca0b3a0addc74faaafec1e72b96c3bd2,2026-02-24T08:00:00Z,2026-02-24T08:12:23Z,auth,auth_enUS_labelerexp,at://did:plc:evx3vjdczuf4eyjvqr7e6ae3/app.bsky.feed.post/3mflp72q66s27,bafyreigvbtxuwjwl3rgaw4h2j4bp3cjkxh5andg3n53wwiw3ftzq7y7oq4,did:plc:uac6er53o2pvr5y2qmvaf7hw,tiktok-link,,at://did:plc:evx3vjdczuf4eyjvqr7e6ae3/app.bsky.actor.profile/self,2025-05-16T15:55:06.654Z
ca0b3a0addc74faaafec1e72b96c3bd2,2026-02-24T08:00:00Z,2026-02-24T08:12:23Z,auth,auth_enUS_labelerexp,at://did:plc:msbi4cvqxcq7a7ktpmviq6v6/app.bsky.feed.post/3mflp3gazn22c,bafyreicjb25ogvsxuppsisssckesez6ct3wnr5svs4ued2jtiuurpoih6a,did:plc:uac6er53o2pvr5y2qmvaf7hw,meta-link,,at://did:plc:msbi4cvqxcq7a7ktpmviq6v6/app.bsky.feed.post/3mflp3gazn22c,2026-02-24T07:59:06.978Z
ca0b3a0addc74faaafec1e72b96c3bd2,2026-02-24T08:00:00Z,2026-02-24T08:12:23Z,auth,auth_enUS_labelerexp,at://did:plc:iaifhbdrrvebksyobrbwysnw/app.bsky.feed.post/3mflot264ak22,bafyreid4ultyguhzjub5uo6liy6tjxzwvjnzirqwuzm7og3vpoiqqyoqju,did:plc:uac6er53o2pvr5y2qmvaf7hw,high-total-facet-count,,at://did:plc:iaifhbdrrvebksyobrbwysnw/app.bsky.feed.post/3mflot264ak22,2026-02-24T07:54:23.319Z
ca0b3a0addc74faaafec1e72b96c3bd2,2026-02-24T08:00:00Z,2026-02-24T08:12:23Z,auth,auth_enUS_labelerexp,at://did:plc:iaifhbdrrvebksyobrbwysnw/app.bsky.feed.post/3mflot264ak22,bafyreid4ultyguhzjub5uo6liy6tjxzwvjnzirqwuzm7og3vpoiqqyoqju,did:plc:uac6er53o2pvr5y2qmvaf7hw,altrightlink,,at://did:plc:iaifhbdrrvebksyobrbwysnw/app.bsky.actor.profile/self,2026-01-09T05:07:02.212Z
ca0b3a0addc74faaafec1e72b96c3bd2,2026-02-24T08:00:00Z,2026-02-24T08:12:23Z,auth,auth_enUS_labelerexp,at://did:plc:rpqwk35h62lavgp2itxjws5f/app.bsky.feed.post/3mflosmekec2b,bafyreiasaw5hxzv4cj7sec4isafzl2u26e6gr7e4ss36xuofsqhtn3iohy,did:plc:rpqwk35h62lavgp2itxjws5f,!no-unauthenticated,,at://did:plc:rpqwk35h62lavgp2itxjws5f/app.bsky.actor.profile/self,2025-08-28T20:50:42.691Z
ca0b3a0addc74faaafec1e72b96c3bd2,2026-02-24T08:00:00Z,2026-02-24T08:12:23Z,auth,auth_enUS_labelerexp,at://did:plc:uf7tf65d2xwpdv5y5vl2l7qg/app.bsky.feed.post/3mfloset6q22a,bafyreidx5ashwy4voxrbshqgx2id4al67b2y5nenwencsadpz3wsualjeu,did:plc:uf7tf65d2xwpdv5y5vl2l7qg,!no-unauthenticated,,at://did:plc:uf7tf65d2xwpdv5y5vl2l7qg/app.bsky.actor.profile/self,2026-02-21T15:02:28.569Z
ca0b3a0addc74faaafec1e72b96c3bd2,2026-02-24T08:00:00Z,2026-02-24T08:12:23Z,auth,auth_enUS_labelerexp,at://did:plc:c53omjn5mnzsfjyefv5yjhr4/app.bsky.feed.post/3mflop3rrfp2i,bafyreihgs6zpornrd7sqaxfzdpebzebrza5siaofsydy6rynxxv3rnlcpy,did:plc:ar7c4by46qjdydhdevvrndac,needs-review,,did:plc:c53omjn5mnzsfjyefv5yjhr4,2026-02-24T06:57:51.253Z
ca0b3a0addc74faaafec1e72b96c3bd2,2026-02-24T08:00:00Z,2026-02-24T08:12:23Z,auth,auth_enUS_labelerexp,at://did:plc:uf7tf65d2xwpdv5y5vl2l7qg/app.bsky.feed.post/3mflolddw2k2q,bafyreifgedzyedtmjppp67ts6bz4zwnmnuo6hvwy4p7dk3eefyzguhkgla,did:plc:uf7tf65d2xwpdv5y5vl2l7qg,!no-unauthenticated,,at://did:plc:uf7tf65d2xwpdv5y5vl2l7qg/app.bsky.actor.profile/self,2026-02-21T15:02:28.569Z
ca0b3a0addc74faaafec1e72b96c3bd2,2026-02-24T08:00:00Z,2026-02-24T08:12:23Z,auth,auth_enUS_labelerexp,at://did:plc:iaifhbdrrvebksyobrbwysnw/app.bsky.feed.post/3mflogyixas22,bafyreib2zfz6absat5cmhr2hdlyjhvbcogkppxghlku6dm4akq6q2wofji,did:plc:uac6er53o2pvr5y2qmvaf7hw,altrightlink,,at://did:plc:iaifhbdrrvebksyobrbwysnw/app.bsky.actor.profile/self,2026-01-09T05:07:02.212Z
ca0b3a0addc74faaafec1e72b96c3bd2,2026-02-24T08:00:00Z,2026-02-24T08:12:26Z,auth,auth_enUS_labelerexp,at://did:plc:2dgx5ne5daclzaecs4v2o7nr/app.bsky.feed.post/3mflppledl22x,bafyreiar5wsvfrob756ekrkqsyzhqiw56fa4lrerspqeq5dprddw6zyfle,did:plc:2dgx5ne5daclzaecs4v2o7nr,!no-unauthenticated,,at://did:plc:2dgx5ne5daclzaecs4v2o7nr/app.bsky.actor.profile/self,1970-01-01T00:00:00.000Z
ca0b3a0addc74faaafec1e72b96c3bd2,2026-02-24T08:00:00Z,2026-02-24T08:12:26Z,auth,auth_enUS_labelerexp,at://did:plc:opq5phhuquxppobexcp2cm4y/app.bsky.feed.post/3mflpod5yic2e,bafyreig7vtdz3p56ghm6c5u2oieoyra5ccisvuhzvpy773h2frnb7emnm4,did:plc:ar7c4by46qjdydhdevvrndac,graphic-media,,at://did:plc:opq5phhuquxppobexcp2cm4y/app.bsky.feed.post/3mflpod5yic2e,2026-02-24T08:09:39.758Z
ca0b3a0addc74faaafec1e72b96c3bd2,2026-02-24T08:00:00Z,2026-02-24T08:12:26Z,auth,auth_enUS_labelerexp,at://did:plc:opq5phhuquxppobexcp2cm4y/app.bsky.feed.post/3mflpod5yic2e,bafyreig7vtdz3p56ghm6c5u2oieoyra5ccisvuhzvpy773h2frnb7emnm4,did:plc:ar7c4by46qjdydhdevvrndac,needs-review,,did:plc:opq5phhuquxppobexcp2cm4y,2026-02-18T22:56:13.108Z
ca0b3a0addc74faaafec1e72b96c3bd2,2026-02-24T08:00:00Z,2026-02-24T08:12:26Z,auth,auth_enUS_labelerexp,at://did:plc:sizchsjx46cb57fhbcwtjzfz/app.bsky.feed.post/3mflox2ge6k2o,bafyreiezwgq46zj6o7onr4hh2an6tuaslplfbcdnckjvcht4iei54uonlq,did:plc:sizchsjx46cb57fhbcwtjzfz,!no-unauthenticated,,at://did:plc:sizchsjx46cb57fhbcwtjzfz/app.bsky.actor.profile/self,1970-01-01T00:00:00.000Z
ca0b3a0addc74faaafec1e72b96c3bd2,2026-02-24T08:00:00Z,2026-02-24T08:12:26Z,auth,auth_enUS_labelerexp,at://did:plc:sh6iczgn76ewvgzq6226g46x/app.bsky.feed.post/3mfloubkszc2x,bafyreigiyyg2qcmloiiamdlfy7cwv7zixr6auyzftrruv27emd3uou36jq,did:plc:sh6iczgn76ewvgzq6226g46x,!no-unauthenticated,,at://did:plc:sh6iczgn76ewvgzq6226g46x/app.bsky.actor.profile/self,1970-01-01T00:00:00.000Z
ca0b3a0addc74faaafec1e72b96c3bd2,2026-02-24T08:00:00Z,2026-02-24T08:12:26Z,auth,auth_enUS_labelerexp,at://did:plc:gmg2foxsifsbxnttsaccktpy/app.bsky.feed.post/3mflocx753s2i,bafyreiajo5lcomhl6u6cswndfue3ui2q7amkdopgoih4k3uiuhyvmwecg4,did:plc:gmg2foxsifsbxnttsaccktpy,!no-unauthenticated,,at://did:plc:gmg2foxsifsbxnttsaccktpy/app.bsky.actor.profile/self,1970-01-01T00:00:00.000Z
ca0b3a0addc74faaafec1e72b96c3bd2,2026-02-24T08:00:00Z,2026-02-24T08:12:26Z,auth,auth_enUS_labelerexp,at://did:plc:gmg2foxsifsbxnttsaccktpy/app.bsky.feed.post/3mflo62u4g22i,bafyreihkjwpru6awmq2fxgurmib4x7ewoloshc5xk6vacc6su3uxx2vily,did:plc:gmg2foxsifsbxnttsaccktpy,!no-unauthenticated,,at://did:plc:gmg2foxsifsbxnttsaccktpy/app.bsky.actor.profile/self,1970-01-01T00:00:00.000Z
ca0b3a0addc74faaafec1e72b96c3bd2,2026-02-24T08:00:00Z,2026-02-24T08:12:26Z,auth,auth_enUS_labelerexp,at://did:plc:3qjutevkm3y5uupkrx7sdga6/app.bsky.feed.post/3mflo5q4t2s25,bafyreihzrfpzsapaw4gu47utyvgcw3bqlnpv62lp5klkpamyajottg5suq,did:plc:3qjutevkm3y5uupkrx7sdga6,!no-unauthenticated,,at://did:plc:3qjutevkm3y5uupkrx7sdga6/app.bsky.actor.profile/self,1970-01-01T00:00:00.000Z
ca0b3a0addc74faaafec1e72b96c3bd2,2026-02-24T08:00:00Z,2026-02-24T08:12:26Z,auth,auth_enUS_labelerexp,at://did:plc:vnzi34ytj26hwlfhyq75c5vv/app.bsky.feed.post/3mflnwsacbc2x,bafyreig5iiunpzaktl43ruv6hrr4p5cnkuj73t35lzwtenzzojs73x25xu,did:plc:vnzi34ytj26hwlfhyq75c5vv,!no-unauthenticated,,at://did:plc:vnzi34ytj26hwlfhyq75c5vv/app.bsky.actor.profile/self,1970-01-01T00:00:00.000Z
ca0b3a0addc74faaafec1e72b96c3bd2,2026-02-24T08:00:00Z,2026-02-24T08:12:26Z,auth,auth_enUS_labelerexp,at://did:plc:gmg2foxsifsbxnttsaccktpy/app.bsky.feed.post/3mflnvew3zc2i,bafyreihqxypricyj66jkryqakw2ly5ektngn5e5gpco735iml6pnl7txdy,did:plc:gmg2foxsifsbxnttsaccktpy,!no-unauthenticated,,at://did:plc:gmg2foxsifsbxnttsaccktpy/app.bsky.actor.profile/self,1970-01-01T00:00:00.000Z
ca0b3a0addc74faaafec1e72b96c3bd2,2026-02-24T08:00:00Z,2026-02-24T08:12:26Z,auth,auth_enUS_labelerexp,at://did:plc:ka4j33n3f4xtzsl63gwj3irx/app.bsky.feed.post/3mflns3kdjs25,bafyreidorstcts4ofmr4xhxhn2y5o52j6yipl3czza3hlqqawhsxvgdnji,did:plc:ka4j33n3f4xtzsl63gwj3irx,!no-unauthenticated,,at://did:plc:ka4j33n3f4xtzsl63gwj3irx/app.bsky.actor.profile/self,1970-01-01T00:00:00.000Z
ca0b3a0addc74faaafec1e72b96c3bd2,2026-02-24T08:00:00Z,2026-02-24T08:12:28Z,auth,auth_enUS_labelerexp,at://did:plc:j73rdintp3bvd2ae7offdi64/app.bsky.feed.post/3mflpkwv5ic24,bafyreice4evahhlurikbr5cf67irrn5iv5qiv6ufn7fnzad7zpvqaircyu,did:plc:j73rdintp3bvd2ae7offdi64,!no-unauthenticated,,at://did:plc:j73rdintp3bvd2ae7offdi64/app.bsky.actor.profile/self,1970-01-01T00:00:00.000Z
ca0b3a0addc74faaafec1e72b96c3bd2,2026-02-24T08:00:00Z,2026-02-24T08:12:28Z,auth,auth_enUS_labelerexp,at://did:plc:tt6hghuwna5boh7hnmgxck27/app.bsky.feed.post/3mflnsrskkc2p,bafyreic2hewfw5g4zlr5v5sjx3p3uesl4js5zt2lqzmrb3x4jjngpc2que,did:plc:tt6hghuwna5boh7hnmgxck27,!no-unauthenticated,,at://did:plc:tt6hghuwna5boh7hnmgxck27/app.bsky.actor.profile/self,1970-01-01T00:00:00.000Z
ca0b3a0addc74faaafec1e72b96c3bd2,2026-02-24T08:00:00Z,2026-02-24T08:12:28Z,auth,auth_enUS_labelerexp,at://did:plc:eyz42qjzazcdv4fruvvzlsny/app.bsky.feed.post/3mflnfdjaf22a,bafyreifdqtzlssapro2podkfzwo4lvy3nvvqxcugan2nzqikym5p2ls3aq,did:plc:eyz42qjzazcdv4fruvvzlsny,!no-unauthenticated,,at://did:plc:eyz42qjzazcdv4fruvvzlsny/app.bsky.actor.profile/self,2024-08-22T19:10:28.546Z
ca0b3a0addc74faaafec1e72b96c3bd2,2026-02-24T08:00:00Z,2026-02-24T08:12:28Z,auth,auth_enUS_labelerexp,at://did:plc:vb2shc6x2rkdbytqfp73mzvm/app.bsky.feed.post/3mflmtjr2p22e,bafyreiaeai4kfnw56ciajjggbv5m4keypveabhag2aa5mnt4pi4k6zrvvq,did:plc:vb2shc6x2rkdbytqfp73mzvm,!no-unauthenticated,,at://did:plc:vb2shc6x2rkdbytqfp73mzvm/app.bsky.actor.profile/self,1970-01-01T00:00:00.000Z
ca0b3a0addc74faaafec1e72b96c3bd2,2026-02-24T08:00:00Z,2026-02-24T08:12:28Z,auth,auth_enUS_labelerexp,at://did:plc:5nduidmzfwv3mq3kq7sbgobm/app.bsky.feed.post/3mflm2pco3s2a,bafyreicsmb6xorgxjp7m2x57ufjc6wm2ztujqyvmkb3h4577hv2ktrqr6u,did:plc:5nduidmzfwv3mq3kq7sbgobm,!no-unauthenticated,,at://did:plc:5nduidmzfwv3mq3kq7sbgobm/app.bsky.actor.profile/self,2024-11-07T06:46:40.272Z
ca0b3a0addc74faaafec1e72b96c3bd2,2026-02-24T08:00:00Z,2026-02-24T08:12:28Z,auth,auth_enUS_labelerexp,at://did:plc:yj5dmqrnigaulu4k5qxu3joz/app.bsky.feed.post/3mflkejknqk2j,bafyreib63f7zoub2btabep2akaojsvcmt7shinseckaxs5b7lnynwq44hm,did:plc:yj5dmqrnigaulu4k5qxu3joz,!no-unauthenticated,,at://did:plc:yj5dmqrnigaulu4k5qxu3joz/app.bsky.actor.profile/self,2024-10-17T13:26:14.713Z
ca0b3a0addc74faaafec1e72b96c3bd2,2026-02-24T08:00:00Z,2026-02-24T08:12:29Z,auth,auth_enUS_labelerexp,at://did:plc:7oslqf554gyvd5523tkdzy3c/app.bsky.feed.post/3mflppnfofc24,bafyreididynxph3imr52lznfvdgxxc4lrps7yyeqx23sbdxdqmttxs4oca,did:plc:7oslqf554gyvd5523tkdzy3c,!no-unauthenticated,,at://did:plc:7oslqf554gyvd5523tkdzy3c/app.bsky.actor.profile/self,1970-01-01T00:00:00.000Z
ca0b3a0addc74faaafec1e72b96c3bd2,2026-02-24T08:00:00Z,2026-02-24T08:12:29Z,auth,auth_enUS_labelerexp,at://did:plc:oqdm6rj6rjcbsr557bxr2iea/app.bsky.feed.post/3mflkkojuuk2a,bafyreiayzx7ffosghqleioo73rgixldr75mevb4d2odwym765vo4s3py2m,did:plc:oqdm6rj6rjcbsr557bxr2iea,!no-unauthenticated,,at://did:plc:oqdm6rj6rjcbsr557bxr2iea/app.bsky.actor.profile/self,1970-01-01T00:00:00.000Z
ca0b3a0addc74faaafec1e72b96c3bd2,2026-02-24T08:00:00Z,2026-02-24T08:12:29Z,auth,auth_enUS_labelerexp,at://did:plc:xcbnex4tdl2fa3bjopeviia2/app.bsky.feed.post/3mflgkpflus2j,bafyreidfrqosvxemoahphdqcjdf67tvkaezfif35xezmxonrqy4d3lflpa,did:plc:xcbnex4tdl2fa3bjopeviia2,!no-unauthenticated,,at://did:plc:xcbnex4tdl2fa3bjopeviia2/app.bsky.actor.profile/self,1970-01-01T00:00:00.000Z
ca0b3a0addc74faaafec1e72b96c3bd2,2026-02-24T08:00:00Z,2026-02-24T08:12:29Z,auth,auth_enUS_labelerexp,at://did:plc:y5zrpzm7st75zfhtua2hu7bt/app.bsky.feed.post/3mflboglxks2x,bafyreiarijyfwkwh6ujccodrnbg7r6hnjqzo7nqgylb5a2xgomfbqmubd4,did:plc:y5zrpzm7st75zfhtua2hu7bt,!no-unauthenticated,,at://did:plc:y5zrpzm7st75zfhtua2hu7bt/app.bsky.actor.profile/self,1970-01-01T00:00:00.000Z
ca0b3a0addc74faaafec1e72b96c3bd2,2026-02-24T08:00:00Z,2026-02-24T08:12:29Z,auth,auth_enUS_labelerexp,at://did:plc:gft4omwk2w4fzpazuav6ck7j/app.bsky.feed.post/3mfkzfz74xc2t,bafyreiei3zop2rryitz5vl7geg4o6vygjkustehaxqocxf5saedwgow44a,did:plc:gft4omwk2w4fzpazuav6ck7j,!no-unauthenticated,,at://did:plc:gft4omwk2w4fzpazuav6ck7j/app.bsky.actor.profile/self,1970-01-01T00:00:00.000Z
ca0b3a0addc74faaafec1e72b96c3bd2,2026-02-24T08:00:00Z,2026-02-24T08:12:29Z,auth,auth_enUS_labelerexp,at://did:plc:jsyvlelqdcugzjw3qhbrsu3x/app.bsky.feed.post/3mfkxrfedwk2d,bafyreicv6rsf2degnr6ugndsb4kw4yxsu2zf22im4fuqfxeu76uumbunj4,did:plc:jsyvlelqdcugzjw3qhbrsu3x,!no-unauthenticated,,at://did:plc:jsyvlelqdcugzjw3qhbrsu3x/app.bsky.actor.profile/self,1970-01-01T00:00:00.000Z
ca0b3a0addc74faaafec1e72b96c3bd2,2026-02-24T08:00:00Z,2026-02-24T08:12:29Z,auth,auth_enUS_labelerexp,at://did:plc:xuqpmvomthpsz4mtw4vek6s4/app.bsky.feed.post/3mfkm2xfmlk2c,bafyreieyq3iph2236phc3gg3v7nmo4f7vteg22ikglqzjecgxfq3llwl7a,did:plc:xuqpmvomthpsz4mtw4vek6s4,!no-unauthenticated,,at://did:plc:xuqpmvomthpsz4mtw4vek6s4/app.bsky.actor.profile/self,1970-01-01T00:00:00.000Z
ca0b3a0addc74faaafec1e72b96c3bd2,2026-02-24T08:00:00Z,2026-02-24T08:12:29Z,auth,auth_enUS_labelerexp,at://did:plc:yqdzx7lewuux7oehegd3hen7/app.bsky.feed.post/3mfkhoe6y4c2n,bafyreib6lsfizmh3jzhpcgukrgvlbninwzrungq3khmbkvbcanomkfempe,did:plc:uac6er53o2pvr5y2qmvaf7hw,meta-link,,at://did:plc:yqdzx7lewuux7oehegd3hen7/app.bsky.actor.profile/self,2025-07-06T02:42:27.416Z
ca0b3a0addc74faaafec1e72b96c3bd2,2026-02-24T08:00:00Z,2026-02-24T08:12:29Z,auth,auth_enUS_labelerexp,at://did:plc:yqdzx7lewuux7oehegd3hen7/app.bsky.feed.post/3mfkhoe6y4c2n,bafyreib6lsfizmh3jzhpcgukrgvlbninwzrungq3khmbkvbcanomkfempe,did:plc:yqdzx7lewuux7oehegd3hen7,!no-unauthenticated,,at://did:plc:yqdzx7lewuux7oehegd3hen7/app.bsky.actor.profile/self,2024-11-13T22:53:05.353Z
ca0b3a0addc74faaafec1e72b96c3bd2,2026-02-24T08:00:00Z,2026-02-24T08:12:29Z,auth,auth_enUS_labelerexp,at://did:plc:ildabiyd7kugea4pdxe6k7si/app.bsky.feed.post/3mfkc4wzn622c,bafyreiet5uuaql55kxcmulk3joinc435sl55vsbvhelkv2tqowmcsxfygi,did:plc:ildabiyd7kugea4pdxe6k7si,!no-unauthenticated,,at://did:plc:ildabiyd7kugea4pdxe6k7si/app.bsky.actor.profile/self,1970-01-01T00:00:00.000Z
ca0b3a0addc74faaafec1e72b96c3bd2,2026-02-24T08:00:00Z,2026-02-24T08:12:29Z,auth,auth_enUS_labelerexp,at://did:plc:gcnrnyiufrle5ib3fomv3o35/app.bsky.feed.post/3mfjzj2lrch2p,bafyreih6643kfgloxz7wgu765ytjhgqui4hpffk3mbjjkledvnlkrvx3vy,did:plc:l624mewisyr6hymexmrjkprc,writer,,did:plc:gcnrnyiufrle5ib3fomv3o35,2024-11-23T00:08:01.217Z
ca0b3a0addc74faaafec1e72b96c3bd2,2026-02-24T08:00:00Z,2026-02-24T08:12:29Z,auth,auth_enUS_labelerexp,at://did:plc:gcnrnyiufrle5ib3fomv3o35/app.bsky.feed.post/3mfjzj2lrch2p,bafyreih6643kfgloxz7wgu765ytjhgqui4hpffk3mbjjkledvnlkrvx3vy,did:plc:gcnrnyiufrle5ib3fomv3o35,!no-unauthenticated,,at://did:plc:gcnrnyiufrle5ib3fomv3o35/app.bsky.actor.profile/self,2024-02-15T16:48:27.808Z
ca0b3a0addc74faaafec1e72b96c3bd2,2026-02-24T08:00:00Z,2026-02-24T08:12:29Z,auth,auth_enUS_labelerexp,at://did:plc:dbk23kfjikzh52l4kjn4punr/app.bsky.feed.post/3mfjuqhiulc26,bafyreifrhmbga3ohoekfikl4rwdzgk3ywno7mms42fqpeu553hoatvtwii,did:plc:dbk23kfjikzh52l4kjn4punr,!no-unauthenticated,,at://did:plc:dbk23kfjikzh52l4kjn4punr/app.bsky.actor.profile/self,1970-01-01T00:00:00.000Z
ca0b3a0addc74faaafec1e72b96c3bd2,2026-02-24T08:00:00Z,2026-02-24T08:12:29Z,auth,auth_enUS_labelerexp,at://did:plc:gcnrnyiufrle5ib3fomv3o35/app.bsky.feed.post/3mfjuhpux4a2k,bafyreihh4xgvuzkq3jthar3wb2nycuqgornfdahqw7gjadijuegjzk3isu,did:plc:l624mewisyr6hymexmrjkprc,writer,,did:plc:gcnrnyiufrle5ib3fomv3o35,2024-11-23T00:08:01.217Z
ca0b3a0addc74faaafec1e72b96c3bd2,2026-02-24T08:00:00Z,2026-02-24T08:12:29Z,auth,auth_enUS_labelerexp,at://did:plc:gcnrnyiufrle5ib3fomv3o35/app.bsky.feed.post/3mfjuhpux4a2k,bafyreihh4xgvuzkq3jthar3wb2nycuqgornfdahqw7gjadijuegjzk3isu,did:plc:gcnrnyiufrle5ib3fomv3o35,!no-unauthenticated,,at://did:plc:gcnrnyiufrle5ib3fomv3o35/app.bsky.actor.profile/self,2024-02-15T16:48:27.808Z
ca0b3a0addc74faaafec1e72b96c3bd2,2026-02-24T08:00:00Z,2026-02-24T08:12:29Z,auth,auth_enUS_labelerexp,at://did:plc:xcbnex4tdl2fa3bjopeviia2/app.bsky.feed.post/3mfjmcxlkwk2k,bafyreibouo3rhsz45tf567z4riqfh2en2idlxvl6sllkoqqkwmmfierpb4,did:plc:xcbnex4tdl2fa3bjopeviia2,!no-unauthenticated,,at://did:plc:xcbnex4tdl2fa3bjopeviia2/app.bsky.actor.profile/self,1970-01-01T00:00:00.000Z
ca0b3a0addc74faaafec1e72b96c3bd2,2026-02-24T08:00:00Z,2026-02-24T08:12:29Z,auth,auth_enUS_labelerexp,at://did:plc:7oslqf554gyvd5523tkdzy3c/app.bsky.feed.post/3mfiuouxsts2g,bafyreicpjdamkexdz5bcweqeqehtqfo4fq7e7hlufdcdxpbqfcojtocfte,did:plc:7oslqf554gyvd5523tkdzy3c,!no-unauthenticated,,at://did:plc:7oslqf554gyvd5523tkdzy3c/app.bsky.actor.profile/self,1970-01-01T00:00:00.000Z
ca0b3a0addc74faaafec1e72b96c3bd2,2026-02-24T08:00:00Z,2026-02-24T08:12:29Z,auth,auth_enUS_labelerexp,at://did:plc:vxmvvejnqpw7lajld3oez3nc/app.bsky.feed.post/3mfisym6zss22,bafyreihzpgugw3w6z5jnwdxzqjn577br4eamgat26gbdxxeimpxd7c6t3y,did:plc:vxmvvejnqpw7lajld3oez3nc,!no-unauthenticated,,at://did:plc:vxmvvejnqpw7lajld3oez3nc/app.bsky.actor.profile/self,1970-01-01T00:00:00.000Z
ca0b3a0addc74faaafec1e72b96c3bd2,2026-02-24T08:00:00Z,2026-02-24T08:12:29Z,auth,auth_enUS_labelerexp,at://did:plc:gsbglydb3xnq3x36den2dc34/app.bsky.feed.post/3mfirm5eahk2m,bafyreih5h3cqng6g5ersyne2kfkxotrpmsm5pepiazy3aqslisa2asicgq,did:plc:gsbglydb3xnq3x36den2dc34,!no-unauthenticated,,at://did:plc:gsbglydb3xnq3x36den2dc34/app.bsky.actor.profile/self,1970-01-01T00:00:00.000Z
ca0b3a0addc74faaafec1e72b96c3bd2,2026-02-24T08:00:00Z,2026-02-24T08:12:29Z,auth,auth_enUS_labelerexp,at://did:plc:gft4omwk2w4fzpazuav6ck7j/app.bsky.feed.post/3mfipcicqas2y,bafyreifhpv7ieuogu23ofrfmapiqb5lv6tp3osuey5w3po2dn5tqzibtla,did:plc:gft4omwk2w4fzpazuav6ck7j,!no-unauthenticated,,at://did:plc:gft4omwk2w4fzpazuav6ck7j/app.bsky.actor.profile/self,1970-01-01T00:00:00.000Z
ca0b3a0addc74faaafec1e72b96c3bd2,2026-02-24T08:00:00Z,2026-02-24T08:12:29Z,auth,auth_enUS_labelerexp,at://did:plc:rkyktfd5iilxviccnhftzew7/app.bsky.feed.post/3mfidt76m5k23,bafyreihd4jdv75h2kshmuti6lsnuwtjopdwwngmkvwtz44735rm5k22tqy,did:plc:rkyktfd5iilxviccnhftzew7,!no-unauthenticated,,at://did:plc:rkyktfd5iilxviccnhftzew7/app.bsky.actor.profile/self,1970-01-01T00:00:00.000Z
ca0b3a0addc74faaafec1e72b96c3bd2,2026-02-24T08:00:00Z,2026-02-24T08:12:29Z,auth,auth_enUS_labelerexp,at://did:plc:jsyvlelqdcugzjw3qhbrsu3x/app.bsky.feed.post/3mfidaqekyc2d,bafyreiggnnj3rw2it34bopimnoxbuibckrkqhbhoiihoaamtq3wzbmrpei,did:plc:jsyvlelqdcugzjw3qhbrsu3x,!no-unauthenticated,,at://did:plc:jsyvlelqdcugzjw3qhbrsu3x/app.bsky.actor.profile/self,1970-01-01T00:00:00.000Z
ca0b3a0addc74faaafec1e72b96c3bd2,2026-02-24T08:00:00Z,2026-02-24T08:12:29Z,auth,auth_enUS_labelerexp,at://did:plc:36bg4f3a7mhvxismjpdu3k5x/app.bsky.feed.post/3mfi6dkjv6k24,bafyreifsmb3sz3nck47c65ruc6qhlgpne7r6oiumkpnyiz6t37mv4nkkju,did:plc:ar7c4by46qjdydhdevvrndac,rude,,did:plc:36bg4f3a7mhvxismjpdu3k5x,2025-08-29T14:08:16.506Z
ca0b3a0addc74faaafec1e72b96c3bd2,2026-02-24T08:00:00Z,2026-02-24T08:12:29Z,auth,auth_enUS_labelerexp,at://did:plc:36bg4f3a7mhvxismjpdu3k5x/app.bsky.feed.post/3mfi6dkjv6k24,bafyreifsmb3sz3nck47c65ruc6qhlgpne7r6oiumkpnyiz6t37mv4nkkju,did:plc:36bg4f3a7mhvxismjpdu3k5x,!no-unauthenticated,,at://did:plc:36bg4f3a7mhvxismjpdu3k5x/app.bsky.actor.profile/self,1970-01-01T00:00:00.000Z
ca0b3a0addc74faaafec1e72b96c3bd2,2026-02-24T08:00:00Z,2026-02-24T08:12:29Z,auth,auth_enUS_labelerexp,at://did:plc:rkyktfd5iilxviccnhftzew7/app.bsky.feed.post/3mfi4yenu6223,bafyreih2woedlu57sq5ai6jv475qayq72regmrbrwxp73ckeg6zjj7xms4,did:plc:rkyktfd5iilxviccnhftzew7,!no-unauthenticated,,at://did:plc:rkyktfd5iilxviccnhftzew7/app.bsky.actor.profile/self,1970-01-01T00:00:00.000Z
ca0b3a0addc74faaafec1e72b96c3bd2,2026-02-24T08:00:00Z,2026-02-24T08:12:30Z,auth,auth_enUS_labelerexp,at://did:plc:hsqwcidfez66lwm3gxhfv5in/app.bsky.feed.post/3lhyyamhh622x,bafyreiheql2bihtb2rmloijfucctwmqtbw3hhlobrr6tgnczy4pjif2pgm,did:plc:l624mewisyr6hymexmrjkprc,musician,,did:plc:hsqwcidfez66lwm3gxhfv5in,2025-03-27T01:17:43.943Z
ca0b3a0addc74faaafec1e72b96c3bd2,2026-02-24T08:00:00Z,2026-02-24T08:12:30Z,auth,auth_enUS_labelerexp,at://did:plc:tp34obecfo4zs7sbrmoeycnq/app.bsky.feed.post/3mflkbxzwas24,bafyreih6j6jv7hjght4hd4hmefssyzffaecc3qwblz3nu32iemmamwo66q,did:plc:tp34obecfo4zs7sbrmoeycnq,!no-unauthenticated,,at://did:plc:tp34obecfo4zs7sbrmoeycnq/app.bsky.actor.profile/self,1970-01-01T00:00:00.000Z
ca0b3a0addc74faaafec1e72b96c3bd2,2026-02-24T08:00:00Z,2026-02-24T08:12:30Z,auth,auth_enUS_labelerexp,at://did:plc:lin4w62awwyf6rslmjwds2yd/app.bsky.feed.post/3mfksr7t55k2x,bafyreignxikpg52zezwjqftchfe47et5xe4j6tvwwv7rvn27ilo343qzym,did:plc:lin4w62awwyf6rslmjwds2yd,!no-unauthenticated,,at://did:plc:lin4w62awwyf6rslmjwds2yd/app.bsky.actor.profile/self,1970-01-01T00:00:00.000Z
ca0b3a0addc74faaafec1e72b96c3bd2,2026-02-24T08:00:00Z,2026-02-24T08:12:30Z,auth,auth_enUS_labelerexp,at://did:plc:ln7mx5uay3sd5kt7gq7ytypq/app.bsky.feed.post/3mfkfws4qx22n,bafyreiamamo5t7ia7arh5hcpjmwrdhjvrqa5xwzaaw5nnjfgj6bs3y3hsu,did:plc:ln7mx5uay3sd5kt7gq7ytypq,!no-unauthenticated,,at://did:plc:ln7mx5uay3sd5kt7gq7ytypq/app.bsky.actor.profile/self,1970-01-01T00:00:00.000Z
ca0b3a0addc74faaafec1e72b96c3bd2,2026-02-24T08:00:00Z,2026-02-24T08:12:30Z,auth,auth_enUS_labelerexp,at://did:plc:xgw34345yftdmcp2sv2rgkog/app.bsky.feed.post/3mfkejhd7r22u,bafyreiajlx2y3twq3cnmpglwjjad7tkk6l3kwndprysbcapbg37cfdyrfe,did:plc:xgw34345yftdmcp2sv2rgkog,!no-unauthenticated,,at://did:plc:xgw34345yftdmcp2sv2rgkog/app.bsky.actor.profile/self,2024-11-06T21:28:06.285Z
ca0b3a0addc74faaafec1e72b96c3bd2,2026-02-24T08:00:00Z,2026-02-24T08:12:30Z,auth,auth_enUS_labelerexp,at://did:plc:rbs6pvtczhqywnp733jlngzo/app.bsky.feed.post/3mfk4up5nbk2h,bafyreih2tit6sck6ybt7zozo5r7hk5pygxgcm2tgovx7gok6twmmt45naa,did:plc:uac6er53o2pvr5y2qmvaf7hw,meta-link,,at://did:plc:rbs6pvtczhqywnp733jlngzo/app.bsky.actor.profile/self,2025-12-10T14:22:49.044Z
ca0b3a0addc74faaafec1e72b96c3bd2,2026-02-24T08:00:00Z,2026-02-24T08:12:30Z,auth,auth_enUS_labelerexp,at://did:plc:xgw34345yftdmcp2sv2rgkog/app.bsky.feed.post/3mfjsvtk47c2l,bafyreih43e6azuhctmljx3atz4nzuzuhsrbmv2somdolsslnmzh6qne6f4,did:plc:xgw34345yftdmcp2sv2rgkog,!no-unauthenticated,,at://did:plc:xgw34345yftdmcp2sv2rgkog/app.bsky.actor.profile/self,2024-11-06T21:28:06.285Z
ca0b3a0addc74faaafec1e72b96c3bd2,2026-02-24T08:00:00Z,2026-02-24T08:12:30Z,auth,auth_enUS_labelerexp,at://did:plc:gombag4zwctbiexvfvvqwqew/app.bsky.feed.post/3mfjrkyffjc2p,bafyreigqw3sanfpztjcskcnjaiwxlqwltyhtjiknxp4thvqkmlzfjck3di,did:plc:gombag4zwctbiexvfvvqwqew,!no-unauthenticated,,at://did:plc:gombag4zwctbiexvfvvqwqew/app.bsky.actor.profile/self,1970-01-01T00:00:00.000Z
ca0b3a0addc74faaafec1e72b96c3bd2,2026-02-24T08:00:00Z,2026-02-24T08:12:30Z,auth,auth_enUS_labelerexp,at://did:plc:btwjxcid7kcwyoyn5trms5mc/app.bsky.feed.post/3mfjouiyxu22i,bafyreigg6onz5576mmetcb7p5azke2z3w7l3ks4mgisrrw5tnhfmjowmxy,did:plc:btwjxcid7kcwyoyn5trms5mc,!no-unauthenticated,,at://did:plc:btwjxcid7kcwyoyn5trms5mc/app.bsky.actor.profile/self,2024-12-02T01:57:13.928Z
ca0b3a0addc74faaafec1e72b96c3bd2,2026-02-24T08:00:00Z,2026-02-24T08:12:30Z,auth,auth_enUS_labelerexp,at://did:plc:ts6ojs7p5xvjcloxgs7mydoj/app.bsky.feed.post/3mfjob64ers2u,bafyreigt6a2kle5ykle3fa6gfpuah2pzdcvx42opcyu4pdvkvo5ejs26vm,did:plc:ts6ojs7p5xvjcloxgs7mydoj,!no-unauthenticated,,at://did:plc:ts6ojs7p5xvjcloxgs7mydoj/app.bsky.actor.profile/self,2024-04-20T13:17:38.818Z
ca0b3a0addc74faaafec1e72b96c3bd2,2026-02-24T08:00:00Z,2026-02-24T08:12:30Z,auth,auth_enUS_labelerexp,at://did:plc:2uxcsyzfhuwqhvrispwtdxlr/app.bsky.feed.post/3mfi3th7anc24,bafyreievucbmbd5qtrzgwicl2emcb2cb6pld3nhzgadedgt4x2p5ah5fly,did:plc:2uxcsyzfhuwqhvrispwtdxlr,!no-unauthenticated,,at://did:plc:2uxcsyzfhuwqhvrispwtdxlr/app.bsky.actor.profile/self,2024-11-11T03:31:50.758Z
ca0b3a0addc74faaafec1e72b96c3bd2,2026-02-24T08:00:00Z,2026-02-24T08:12:30Z,auth,auth_enUS_labelerexp,at://did:plc:f77rbct3ej3fe777uufp4kug/app.bsky.feed.post/3mfhvdeumsk2p,bafyreifxoyaapvg2oaglnjya5bimizxqvaxh4e3of5lu374xattyypa6kq,did:plc:f77rbct3ej3fe777uufp4kug,!no-unauthenticated,,at://did:plc:f77rbct3ej3fe777uufp4kug/app.bsky.actor.profile/self,2025-01-10T23:36:55.156Z
ca0b3a0addc74faaafec1e72b96c3bd2,2026-02-24T08:00:00Z,2026-02-24T08:12:30Z,auth,auth_enUS_labelerexp,at://did:plc:rbs6pvtczhqywnp733jlngzo/app.bsky.feed.post/3mfhlcy7cdk25,bafyreihyzgmaviywchcxszxhkqacjgkg5phitniyrlt4daicqbcptimdkm,did:plc:uac6er53o2pvr5y2qmvaf7hw,meta-link,,at://did:plc:rbs6pvtczhqywnp733jlngzo/app.bsky.actor.profile/self,2025-12-10T14:22:49.044Z
ca0b3a0addc74faaafec1e72b96c3bd2,2026-02-24T08:00:00Z,2026-02-24T08:12:31Z,auth,auth_enUS_labelerexp,at://did:plc:hu2obebw3nhfj667522dahfg/app.bsky.feed.post/3kl33otd6ob2s,bafyreie5dm4r2edaiw54we7jqhk5fd6cw3hdodd4w5p2kknvn65gfbafry,did:plc:hu2obebw3nhfj667522dahfg,!no-unauthenticated,,at://did:plc:hu2obebw3nhfj667522dahfg/app.bsky.actor.profile/self,1970-01-01T00:00:00.000Z
ca0b3a0addc74faaafec1e72b96c3bd2,2026-02-24T08:00:00Z,2026-02-24T08:12:31Z,auth,auth_enUS_labelerexp,at://did:plc:efs523olver6h4eait3togjq/app.bsky.feed.post/3mflav5sdnk2o,bafyreideb2d3mop76dbqdvnwoyhtj7su3jopixeql6jdl75nqhu2vfnp2i,did:plc:efs523olver6h4eait3togjq,!no-unauthenticated,,at://did:plc:efs523olver6h4eait3togjq/app.bsky.actor.profile/self,1970-01-01T00:00:00.000Z
ca0b3a0addc74faaafec1e72b96c3bd2,2026-02-24T08:00:00Z,2026-02-24T08:12:31Z,auth,auth_enUS_labelerexp,at://did:plc:wxa6hoxm7sypaom7lhjdzlgp/app.bsky.feed.post/3mfl6xxfuzk2t,bafyreifq57zy7syicztilm3m3n53tee3bacsqyp57xeo5rsghuy3icvpre,did:plc:wxa6hoxm7sypaom7lhjdzlgp,!no-unauthenticated,,at://did:plc:wxa6hoxm7sypaom7lhjdzlgp/app.bsky.actor.profile/self,2024-11-22T17:01:30.852Z
ca0b3a0addc74faaafec1e72b96c3bd2,2026-02-24T08:00:00Z,2026-02-24T08:12:31Z,auth,auth_enUS_labelerexp,at://did:plc:3le7dvxqc2rhvyswiida2cgf/app.bsky.feed.post/3mfkvha3jkk27,bafyreiebk2g5vviogyzqwmjkw6funsofn6ztbnhkwmkznnlnsbevjztaia,did:plc:3le7dvxqc2rhvyswiida2cgf,!no-unauthenticated,,at://did:plc:3le7dvxqc2rhvyswiida2cgf/app.bsky.actor.profile/self,1970-01-01T00:00:00.000Z
ca0b3a0addc74faaafec1e72b96c3bd2,2026-02-24T08:00:00Z,2026-02-24T08:12:31Z,auth,auth_enUS_labelerexp,at://did:plc:4ozcdhvunf5se5s4s7r6p2kc/app.bsky.feed.post/3mfknm4m5jk2n,bafyreiejyfn2adma4lrdzm6ycuuuqo77fjupduwp25o2mpkiycfnpmkatm,did:plc:uac6er53o2pvr5y2qmvaf7hw,meta-link,,at://did:plc:4ozcdhvunf5se5s4s7r6p2kc/app.bsky.actor.profile/self,2025-11-11T14:38:33.154Z
ca0b3a0addc74faaafec1e72b96c3bd2,2026-02-24T08:00:00Z,2026-02-24T08:12:31Z,auth,auth_enUS_labelerexp,at://did:plc:yh5kl53hwy7rhahgcsuyef5a/app.bsky.feed.post/3mfkmpxrgh22q,bafyreidy7iotmstrjvehrko3qs6bnqfuksdhpguuholybpw2mhagq7pf7e,did:plc:yh5kl53hwy7rhahgcsuyef5a,!no-unauthenticated,,at://did:plc:yh5kl53hwy7rhahgcsuyef5a/app.bsky.actor.profile/self,1970-01-01T00:00:00.000Z
ca0b3a0addc74faaafec1e72b96c3bd2,2026-02-24T08:00:00Z,2026-02-24T08:12:31Z,auth,auth_enUS_labelerexp,at://did:plc:yh5kl53hwy7rhahgcsuyef5a/app.bsky.feed.post/3mfkmjeop3c2q,bafyreihysk6sgzlsh4wlmbxungs3hgcykrmocxmbpiix6lrfenhloz36ta,did:plc:yh5kl53hwy7rhahgcsuyef5a,!no-unauthenticated,,at://did:plc:yh5kl53hwy7rhahgcsuyef5a/app.bsky.actor.profile/self,1970-01-01T00:00:00.000Z
ca0b3a0addc74faaafec1e72b96c3bd2,2026-02-24T08:00:00Z,2026-02-24T08:12:31Z,auth,auth_enUS_labelerexp,at://did:plc:bjutg6arcqvy3tcxzvijozoj/app.bsky.feed.post/3mfl2clkjqc2n,bafyreigesnv2bcidjcl3fk4wg2z2mblx5lq2nndbbhbj4ezuz4xydv63re,did:plc:bjutg6arcqvy3tcxzvijozoj,!no-unauthenticated,,at://did:plc:bjutg6arcqvy3tcxzvijozoj/app.bsky.actor.profile/self,1970-01-01T00:00:00.000Z
ca0b3a0addc74faaafec1e72b96c3bd2,2026-02-24T08:00:00Z,2026-02-24T08:12:31Z,auth,auth_enUS_labelerexp,at://did:plc:es7u53szqijcexwhk7riectq/app.bsky.feed.post/3mfkoulcxns2t,bafyreidagbsy25q3zvdivv2iisnrmop32uikdtzf2nlrr553ejmky5qnem,did:plc:uac6er53o2pvr5y2qmvaf7hw,violent,,did:plc:es7u53szqijcexwhk7riectq,2025-06-16T11:45:23.068Z
ca0b3a0addc74faaafec1e72b96c3bd2,2026-02-24T08:00:00Z,2026-02-24T08:12:31Z,auth,auth_enUS_labelerexp,at://did:plc:es7u53szqijcexwhk7riectq/app.bsky.feed.post/3mfkoulcxns2t,bafyreidagbsy25q3zvdivv2iisnrmop32uikdtzf2nlrr553ejmky5qnem,did:plc:es7u53szqijcexwhk7riectq,!no-unauthenticated,,at://did:plc:es7u53szqijcexwhk7riectq/app.bsky.actor.profile/self,2024-11-14T01:36:02.138Z
ca0b3a0addc74faaafec1e72b96c3bd2,2026-02-24T08:00:00Z,2026-02-24T08:12:31Z,auth,auth_enUS_labelerexp,at://did:plc:hnonvv6zfccnefocn32pjymd/app.bsky.feed.post/3mfk3o7o2ck27,bafyreibzavcxhvur4rwqerzjwsdu62rokfq36vsqzprms44uqmtrylnboq,did:plc:hnonvv6zfccnefocn32pjymd,!no-unauthenticated,,at://did:plc:hnonvv6zfccnefocn32pjymd/app.bsky.actor.profile/self,1970-01-01T00:00:00.000Z
ca0b3a0addc74faaafec1e72b96c3bd2,2026-02-24T08:00:00Z,2026-02-24T08:12:31Z,auth,auth_enUS_labelerexp,at://did:plc:mkv63uoxv3mldjvkoh3b667f/app.bsky.feed.post/3mfk34j33us2p,bafyreidm7ssk4ompwhzv5rhp5suwzn3javujwyaqiyyjo4syvzaqsn2ip4,did:plc:mkv63uoxv3mldjvkoh3b667f,!no-unauthenticated,,at://did:plc:mkv63uoxv3mldjvkoh3b667f/app.bsky.actor.profile/self,2024-11-09T16:28:43.911Z
ca0b3a0addc74faaafec1e72b96c3bd2,2026-02-24T08:00:00Z,2026-02-24T08:12:31Z,auth,auth_enUS_labelerexp,at://did:plc:5x65fftirgidgmsq5ub56ehs/app.bsky.feed.post/3mfjwmejvls22,bafyreiguqafvvhuprn7kuflyslt5lac3pvyiccn6c4aht7yfxcnvnv2gze,did:plc:5x65fftirgidgmsq5ub56ehs,!no-unauthenticated,,at://did:plc:5x65fftirgidgmsq5ub56ehs/app.bsky.actor.profile/self,1970-01-01T00:00:00.000Z
ca0b3a0addc74faaafec1e72b96c3bd2,2026-02-24T08:00:00Z,2026-02-24T08:12:31Z,auth,auth_enUS_labelerexp,at://did:plc:r7rigortz74dxlzq7sk2dqe3/app.bsky.feed.post/3mfjpmevfw32p,bafyreigplgtw6oa6gkc4xdymckcwlvffesoae6jltsv2oolxicb7kcrevy,did:plc:r7rigortz74dxlzq7sk2dqe3,!no-unauthenticated,,at://did:plc:r7rigortz74dxlzq7sk2dqe3/app.bsky.actor.profile/self,2024-11-14T21:25:37.871Z
ca0b3a0addc74faaafec1e72b96c3bd2,2026-02-24T08:00:00Z,2026-02-24T08:12:31Z,auth,auth_enUS_labelerexp,at://did:plc:62msouyk75r4tpwirxtyrw3n/app.bsky.feed.post/3mfjkj46n222e,bafyreiageolse3f2h6hyodbeysbykzxthq7qahj4nrz4dcdrdwc3jncoqm,did:plc:62msouyk75r4tpwirxtyrw3n,!no-unauthenticated,,at://did:plc:62msouyk75r4tpwirxtyrw3n/app.bsky.actor.profile/self,2024-11-08T19:32:48.081Z
ca0b3a0addc74faaafec1e72b96c3bd2,2026-02-24T08:00:00Z,2026-02-24T08:12:31Z,auth,auth_enUS_labelerexp,at://did:plc:r7rigortz74dxlzq7sk2dqe3/app.bsky.feed.post/3mfhn5xxh5m2s,bafyreid7jjgmxyujkpqs6q677sek7ygrb5i7cta3su2p2hgmhm4ln3irae,did:plc:r7rigortz74dxlzq7sk2dqe3,!no-unauthenticated,,at://did:plc:r7rigortz74dxlzq7sk2dqe3/app.bsky.actor.profile/self,2024-11-14T21:25:37.871Z
ca0b3a0addc74faaafec1e72b96c3bd2,2026-02-24T08:00:00Z,2026-02-24T08:12:32Z,auth,auth_enUS_labelerexp,at://did:plc:2t622budf364qkodu3skkp5d/app.bsky.feed.post/3mflpgjznas2f,bafyreichadfinf2mkzhyutnfp5bropytjiht5bzwc6wjasvvu43i6a3ykq,did:plc:2t622budf364qkodu3skkp5d,!no-unauthenticated,,at://did:plc:2t622budf364qkodu3skkp5d/app.bsky.actor.profile/self,2024-11-24T22:51:01.056Z
ca0b3a0addc74faaafec1e72b96c3bd2,2026-02-24T08:00:00Z,2026-02-24T08:12:32Z,auth,auth_enUS_labelerexp,at://did:plc:asiscffvc4wqqerpynzpsod2/app.bsky.feed.post/3mflp53c5as2z,bafyreibh4iongjcxnxpu3q6vd4rif76ejo5jq246ufu5ivfxg7d2asippe,did:plc:uac6er53o2pvr5y2qmvaf7hw,abusive,,did:plc:asiscffvc4wqqerpynzpsod2,2025-10-08T11:38:45.093Z
ca0b3a0addc74faaafec1e72b96c3bd2,2026-02-24T08:00:00Z,2026-02-24T08:12:32Z,auth,auth_enUS_labelerexp,at://did:plc:asiscffvc4wqqerpynzpsod2/app.bsky.feed.post/3mflp53c5as2z,bafyreibh4iongjcxnxpu3q6vd4rif76ejo5jq246ufu5ivfxg7d2asippe,did:plc:uac6er53o2pvr5y2qmvaf7hw,blocks,,did:plc:asiscffvc4wqqerpynzpsod2,2025-10-23T21:05:31.169Z
ca0b3a0addc74faaafec1e72b96c3bd2,2026-02-24T08:00:00Z,2026-02-24T08:12:32Z,auth,auth_enUS_labelerexp,at://did:plc:225g4y2e35b4fylvbsbe752f/app.bsky.feed.post/3mflmr7jnys2k,bafyreih2ru2y2epn4vslzmiouokww3cccxu2na3oeienn4fxvvzobsdqzu,did:plc:225g4y2e35b4fylvbsbe752f,!no-unauthenticated,,at://did:plc:225g4y2e35b4fylvbsbe752f/app.bsky.actor.profile/self,1970-01-01T00:00:00.000Z
ca0b3a0addc74faaafec1e72b96c3bd2,2026-02-24T08:00:00Z,2026-02-24T08:12:32Z,auth,auth_enUS_labelerexp,at://did:plc:whb5n3iel5wb5vopbmx7d27h/app.bsky.feed.post/3mflkxthyss2g,bafyreigqcsnl4hf3kfll624eobzs5rh3g6wxv4yefmrs3maqfprktlkj5u,did:plc:whb5n3iel5wb5vopbmx7d27h,!no-unauthenticated,,at://did:plc:whb5n3iel5wb5vopbmx7d27h/app.bsky.actor.profile/self,1970-01-01T00:00:00.000Z
ca0b3a0addc74faaafec1e72b96c3bd2,2026-02-24T08:00:00Z,2026-02-24T08:12:32Z,auth,auth_enUS_labelerexp,at://did:plc:oquptf3inyei6zsnrp4ejey3/app.bsky.feed.post/3mfljiev7mc2u,bafyreihv7ngerscz2yervxxzshkmy54md6lsf7yuammmxun7jwwfqzfg3e,did:plc:oquptf3inyei6zsnrp4ejey3,!no-unauthenticated,,at://did:plc:oquptf3inyei6zsnrp4ejey3/app.bsky.actor.profile/self,1970-01-01T00:00:00.000Z
ca0b3a0addc74faaafec1e72b96c3bd2,2026-02-24T08:00:00Z,2026-02-24T08:12:32Z,auth,auth_enUS_labelerexp,at://did:plc:qkla7kbothk4afphbzkwjv2h/app.bsky.feed.post/3mflhyhgun22f,bafyreiepk7xruxpiglztsh63n2xb4a2cnmvwc3pv7dhnh3rgpstzpesm2e,did:plc:qkla7kbothk4afphbzkwjv2h,!no-unauthenticated,,at://did:plc:qkla7kbothk4afphbzkwjv2h/app.bsky.actor.profile/self,2024-11-09T07:53:14.121Z
ca0b3a0addc74faaafec1e72b96c3bd2,2026-02-24T08:00:00Z,2026-02-24T08:12:32Z,auth,auth_enUS_labelerexp,at://did:plc:3adabzbmzyu5ml4xmol4sme7/app.bsky.feed.post/3mflhuhkarc2w,bafyreibvvc3gselaf3wi77bsqhpbhyo5n57hfrl7kdengyba7x4sr7sdoq,did:plc:3adabzbmzyu5ml4xmol4sme7,!no-unauthenticated,,at://did:plc:3adabzbmzyu5ml4xmol4sme7/app.bsky.actor.profile/self,1970-01-01T00:00:00.000Z
ca0b3a0addc74faaafec1e72b96c3bd2,2026-02-24T08:00:00Z,2026-02-24T08:12:32Z,auth,auth_enUS_labelerexp,at://did:plc:qhqmbqpdc2fzrnsmao2i53fd/app.bsky.feed.post/3mflgumauvs2d,bafyreibhusndhjd5m2s5yqdgtjy4nobxu4qrhp7v67wxr226ek7tt5pjoa,did:plc:qhqmbqpdc2fzrnsmao2i53fd,!no-unauthenticated,,at://did:plc:qhqmbqpdc2fzrnsmao2i53fd/app.bsky.actor.profile/self,1970-01-01T00:00:00.000Z
ca0b3a0addc74faaafec1e72b96c3bd2,2026-02-24T08:00:00Z,2026-02-24T08:12:32Z,auth,auth_enUS_labelerexp,at://did:plc:7kra3m5l4sl2pa6w5l35mi5f/app.bsky.feed.post/3mflfeo6he22v,bafyreih5v3bvqswhw4dhe5kwdttumdbjmrps3sxyx2mqiw2yzfhulhc73a,did:plc:7kra3m5l4sl2pa6w5l35mi5f,!no-unauthenticated,,at://did:plc:7kra3m5l4sl2pa6w5l35mi5f/app.bsky.actor.profile/self,1970-01-01T00:00:00.000Z
ca0b3a0addc74faaafec1e72b96c3bd2,2026-02-24T08:00:00Z,2026-02-24T08:12:32Z,auth,auth_enUS_labelerexp,at://did:plc:jvzdtfvzuqdgk36wncgl2dnp/app.bsky.feed.post/3mflfc5simk27,bafyreic6zjg33sblwdknbtxxpi45h2xbanehm2vibkyum5ih5ygif6c2wu,did:plc:jvzdtfvzuqdgk36wncgl2dnp,!no-unauthenticated,,at://did:plc:jvzdtfvzuqdgk36wncgl2dnp/app.bsky.actor.profile/self,1970-01-01T00:00:00.000Z
ca0b3a0addc74faaafec1e72b96c3bd2,2026-02-24T08:00:00Z,2026-02-24T08:12:32Z,auth,auth_enUS_labelerexp,at://did:plc:77co7bymmabei5pjaj725dqw/app.bsky.feed.post/3mfleoadh3k24,bafyreics6vsxyspix4cl5tehfix6wrijkjcerqiioxpqt6c47j77nhv36i,did:plc:77co7bymmabei5pjaj725dqw,!no-unauthenticated,,at://did:plc:77co7bymmabei5pjaj725dqw/app.bsky.actor.profile/self,1970-01-01T00:00:00.000Z
ca0b3a0addc74faaafec1e72b96c3bd2,2026-02-24T08:00:00Z,2026-02-24T08:12:32Z,auth,auth_enUS_labelerexp,at://did:plc:cvne4fdbpqyu6qced7whinxn/app.bsky.feed.post/3mfleeb5s6c2u,bafyreia3pjen5msnzgox5mfeqgamupoi7ukb4ptely3hothd5hdhalihzm,did:plc:cvne4fdbpqyu6qced7whinxn,!no-unauthenticated,,at://did:plc:cvne4fdbpqyu6qced7whinxn/app.bsky.actor.profile/self,1970-01-01T00:00:00.000Z
ca0b3a0addc74faaafec1e72b96c3bd2,2026-02-24T08:00:00Z,2026-02-24T08:12:32Z,auth,auth_enUS_labelerexp,at://did:plc:aa4uhy6xhvhzsfmaexqqktfq/app.bsky.feed.post/3mfledq7pik2e,bafyreie22is4gtho6pbaq6hbtmwvbt7xcagjm5h6fbkbsq3btzr2vdpybm,did:plc:aa4uhy6xhvhzsfmaexqqktfq,!no-unauthenticated,,at://did:plc:aa4uhy6xhvhzsfmaexqqktfq/app.bsky.actor.profile/self,2024-11-22T00:33:56.454Z
ca0b3a0addc74faaafec1e72b96c3bd2,2026-02-24T08:00:00Z,2026-02-24T08:12:32Z,auth,auth_enUS_labelerexp,at://did:plc:2md7v4fhtino5juni52rw7ah/app.bsky.feed.post/3mfle4uknsk2a,bafyreigaal6laiccytmb4t2ez4eund5zjpr7v3smkv4otbxtouhd5zytzu,did:plc:2md7v4fhtino5juni52rw7ah,!no-unauthenticated,,at://did:plc:2md7v4fhtino5juni52rw7ah/app.bsky.actor.profile/self,1970-01-01T00:00:00.000Z
ca0b3a0addc74faaafec1e72b96c3bd2,2026-02-24T08:00:00Z,2026-02-24T08:12:32Z,auth,auth_enUS_labelerexp,at://did:plc:2md7v4fhtino5juni52rw7ah/app.bsky.feed.post/3mfldblmwvk2q,bafyreibbkcol2gcsmgn27v36zx6643motx3s44pauanzp7khhq5xphudpa,did:plc:2md7v4fhtino5juni52rw7ah,!no-unauthenticated,,at://did:plc:2md7v4fhtino5juni52rw7ah/app.bsky.actor.profile/self,1970-01-01T00:00:00.000Z
ca0b3a0addc74faaafec1e72b96c3bd2,2026-02-24T08:00:00Z,2026-02-24T08:12:34Z,auth,auth_enUS_labelerexp,at://did:plc:nylio5rpw7u3wtven3vcriam/app.bsky.feed.post/3mfkbnfv4vk2z,bafyreigcjidns57qqvpxorzh53wbq3cyzbq3gahpyxaolzocuxp5xugt4e,did:plc:nylio5rpw7u3wtven3vcriam,!no-unauthenticated,,at://did:plc:nylio5rpw7u3wtven3vcriam/app.bsky.actor.profile/self,1970-01-01T00:00:00.000Z
ca0b3a0addc74faaafec1e72b96c3bd2,2026-02-24T08:00:00Z,2026-02-24T08:12:34Z,auth,auth_enUS_labelerexp,at://did:plc:odqmsar3ikz5ubokya4sempk/app.bsky.feed.post/3luit4xmgnk24,bafyreigb7j7sckzrovnaydehyvcdhgluovcuzmpvtgtlnidv5jdgtsgyry,did:plc:l624mewisyr6hymexmrjkprc,artistdesigner,,did:plc:odqmsar3ikz5ubokya4sempk,2025-07-18T21:18:07.510Z
ca0b3a0addc74faaafec1e72b96c3bd2,2026-02-24T08:00:00Z,2026-02-24T08:12:36Z,auth,auth_enUS_labelerexp,at://did:plc:45qzd2uoeuixtc64wuv6objq/app.bsky.feed.post/3mfljsmru4i62,bafyreick52aeuwlhvnyc542ty7et47qvwyimlbeiqirqyytog4jhiymxei,did:plc:45qzd2uoeuixtc64wuv6objq,bridged-from-bridgy-fed-activitypub,,at://did:plc:45qzd2uoeuixtc64wuv6objq/app.bsky.actor.profile/self,1970-01-01T00:00:00.000Z
ca0b3a0addc74faaafec1e72b96c3bd2,2026-02-24T08:00:00Z,2026-02-24T08:12:36Z,auth,auth_enUS_labelerexp,at://did:plc:awjdyracmjxbhjkw3j6r2trb/app.bsky.feed.post/3mflb5xbbdc24,bafyreiakaqmtextrg65x64c4kdr6ovrsg7k36xhnyiu3llnoh55e2v6jci,did:plc:awjdyracmjxbhjkw3j6r2trb,!no-unauthenticated,,at://did:plc:awjdyracmjxbhjkw3j6r2trb/app.bsky.actor.profile/self,1970-01-01T00:00:00.000Z
ca0b3a0addc74faaafec1e72b96c3bd2,2026-02-24T08:00:00Z,2026-02-24T08:12:36Z,auth,auth_enUS_labelerexp,at://did:plc:vejdejmydqe6svdy3ut5qjdb/app.bsky.feed.post/3mfl6jzrlwc2f,bafyreidrbpzlyfg7lwb3yvy4wrrdsf3tru2dipttnm4m24jrdpy6e7u5pu,did:plc:l624mewisyr6hymexmrjkprc,writer,,did:plc:vejdejmydqe6svdy3ut5qjdb,2024-11-20T22:09:54.350Z
ca0b3a0addc74faaafec1e72b96c3bd2,2026-02-24T08:00:00Z,2026-02-24T08:12:36Z,auth,auth_enUS_labelerexp,at://did:plc:hxl4q3r6ogssbhz7txqsl4b5/app.bsky.feed.post/3mfl44en4ps2j,bafyreigkbuy4s7ylx3sojxejen7naer3wzkgbglpmsmilryvnkpgq4arfq,did:plc:hxl4q3r6ogssbhz7txqsl4b5,!no-unauthenticated,,at://did:plc:hxl4q3r6ogssbhz7txqsl4b5/app.bsky.actor.profile/self,1970-01-01T00:00:00.000Z
ca0b3a0addc74faaafec1e72b96c3bd2,2026-02-24T08:00:00Z,2026-02-24T08:12:36Z,auth,auth_enUS_labelerexp,at://did:plc:g47g3yqbtknzj2v2ddf55gig/app.bsky.feed.post/3mfkzmhsyd5z2,bafyreidoe4cewehjtbubkkvjv6u35sptnykagd455yfgzefnzx6srsgxmy,did:plc:g47g3yqbtknzj2v2ddf55gig,bridged-from-bridgy-fed-activitypub,,at://did:plc:g47g3yqbtknzj2v2ddf55gig/app.bsky.actor.profile/self,1970-01-01T00:00:00.000Z
ca0b3a0addc74faaafec1e72b96c3bd2,2026-02-24T08:00:00Z,2026-02-24T08:12:36Z,auth,auth_enUS_labelerexp,at://did:plc:lyarzs6flagmghqy334dp3c3/app.bsky.feed.post/3mfkzkdb5vs2m,bafyreibnjf67ttddyz5dvoskcisyvfohff2sjcsxcitcxam2zjfhflv5he,did:plc:lyarzs6flagmghqy334dp3c3,!no-unauthenticated,,at://did:plc:lyarzs6flagmghqy334dp3c3/app.bsky.actor.profile/self,1970-01-01T00:00:00.000Z
ca0b3a0addc74faaafec1e72b96c3bd2,2026-02-24T08:00:00Z,2026-02-24T08:12:36Z,auth,auth_enUS_labelerexp,at://did:plc:45qzd2uoeuixtc64wuv6objq/app.bsky.feed.post/3mfkw5uyeouf2,bafyreicxobzakae3zwosca4j6t5ch6ird5pn4ixoxyobce6s6qyooy3rmm,did:plc:45qzd2uoeuixtc64wuv6objq,bridged-from-bridgy-fed-activitypub,,at://did:plc:45qzd2uoeuixtc64wuv6objq/app.bsky.actor.profile/self,1970-01-01T00:00:00.000Z
ca0b3a0addc74faaafec1e72b96c3bd2,2026-02-24T08:00:00Z,2026-02-24T08:12:36Z,auth,auth_enUS_labelerexp,at://did:plc:gy7yilnydusx5hy2z3dltynp/app.bsky.feed.post/3mfkuesji7zz2,bafyreicg3hzaq2z72fchj7iewxqi2awl5azmhy7g4g4jgsbzsien5hx72i,did:plc:gy7yilnydusx5hy2z3dltynp,bridged-from-bridgy-fed-activitypub,,at://did:plc:gy7yilnydusx5hy2z3dltynp/app.bsky.actor.profile/self,1970-01-01T00:00:00.000Z
ca0b3a0addc74faaafec1e72b96c3bd2,2026-02-24T08:00:00Z,2026-02-24T08:12:36Z,auth,auth_enUS_labelerexp,at://did:plc:cbhkiiuhopbhxiko7em2e2ut/app.bsky.feed.post/3mfku7baek22k,bafyreihb2hrulvtfckxbcgpww7ahl3j7nwcahpoqjeye73quzymhk4ttci,did:plc:cbhkiiuhopbhxiko7em2e2ut,!no-unauthenticated,,at://did:plc:cbhkiiuhopbhxiko7em2e2ut/app.bsky.actor.profile/self,1970-01-01T00:00:00.000Z
ca0b3a0addc74faaafec1e72b96c3bd2,2026-02-24T08:00:00Z,2026-02-24T08:12:36Z,auth,auth_enUS_labelerexp,at://did:plc:o4b642xc7m6bkcrdzzfmojwr/app.bsky.feed.post/3mfkks4dmx22d,bafyreidgrblb4x7fmhvh3ro7vpstpfptw5l6b6wbgfgws6q2zja62i54ji,did:plc:o4b642xc7m6bkcrdzzfmojwr,!no-unauthenticated,,at://did:plc:o4b642xc7m6bkcrdzzfmojwr/app.bsky.actor.profile/self,2025-03-05T23:02:44.897Z
ca0b3a0addc74faaafec1e72b96c3bd2,2026-02-24T08:00:00Z,2026-02-24T08:12:36Z,auth,auth_enUS_labelerexp,at://did:plc:sczlpovw32qb4sbayubq5olf/app.bsky.feed.post/3mfkge44oms27,bafyreiciczg5vy62lqjitciy6q7ghcab54zhtceu6ve4fsmenwdvctslg4,did:plc:uac6er53o2pvr5y2qmvaf7hw,abusive,,did:plc:sczlpovw32qb4sbayubq5olf,2025-04-20T20:01:44.541Z
ca0b3a0addc74faaafec1e72b96c3bd2,2026-02-24T08:00:00Z,2026-02-24T08:12:36Z,auth,auth_enUS_labelerexp,at://did:plc:sczlpovw32qb4sbayubq5olf/app.bsky.feed.post/3mfkge44oms27,bafyreiciczg5vy62lqjitciy6q7ghcab54zhtceu6ve4fsmenwdvctslg4,did:plc:uac6er53o2pvr5y2qmvaf7hw,blocks,,did:plc:sczlpovw32qb4sbayubq5olf,2025-04-23T19:22:19.957Z
ca0b3a0addc74faaafec1e72b96c3bd2,2026-02-24T08:00:00Z,2026-02-24T08:12:36Z,auth,auth_enUS_labelerexp,at://did:plc:sczlpovw32qb4sbayubq5olf/app.bsky.feed.post/3mfkge44oms27,bafyreiciczg5vy62lqjitciy6q7ghcab54zhtceu6ve4fsmenwdvctslg4,did:plc:uac6er53o2pvr5y2qmvaf7hw,disinfo,,did:plc:sczlpovw32qb4sbayubq5olf,2025-04-20T20:01:44.541Z
ca0b3a0addc74faaafec1e72b96c3bd2,2026-02-24T08:00:00Z,2026-02-24T08:12:36Z,auth,auth_enUS_labelerexp,at://did:plc:sczlpovw32qb4sbayubq5olf/app.bsky.feed.post/3mfkge44oms27,bafyreiciczg5vy62lqjitciy6q7ghcab54zhtceu6ve4fsmenwdvctslg4,did:plc:sczlpovw32qb4sbayubq5olf,!no-unauthenticated,,at://did:plc:sczlpovw32qb4sbayubq5olf/app.bsky.actor.profile/self,1970-01-01T00:00:00.000Z
ca0b3a0addc74faaafec1e72b96c3bd2,2026-02-24T08:00:00Z,2026-02-24T08:12:36Z,auth,auth_enUS_labelerexp,at://did:plc:45qzd2uoeuixtc64wuv6objq/app.bsky.feed.post/3mfkcgtswc6s2,bafyreigvfti6yhod6szk6kuvjhodedtfjig5dio25zxr6xni7iqycxh5dq,did:plc:45qzd2uoeuixtc64wuv6objq,bridged-from-bridgy-fed-activitypub,,at://did:plc:45qzd2uoeuixtc64wuv6objq/app.bsky.actor.profile/self,1970-01-01T00:00:00.000Z
ca0b3a0addc74faaafec1e72b96c3bd2,2026-02-24T08:00:00Z,2026-02-24T08:12:36Z,auth,auth_enUS_labelerexp,at://did:plc:kcx54umwsf3fgjcz32acp4yw/app.bsky.feed.post/3mfkcakgm7s2k,bafyreidml2rleyiwp4gkgyvksedfbhw6gtpriracgmp5dcirexhqqaiihy,did:plc:ar7c4by46qjdydhdevvrndac,needs-review,,did:plc:kcx54umwsf3fgjcz32acp4yw,2026-02-23T15:42:03.339Z
ca0b3a0addc74faaafec1e72b96c3bd2,2026-02-24T08:00:00Z,2026-02-24T08:12:36Z,auth,auth_enUS_labelerexp,at://did:plc:nqcux6nh4uko4u4wbenqcbaw/app.bsky.feed.post/3mfk5hosyas2n,bafyreifyn2pg3hmxg4xxogshhxbx3u4celvtp4kgbtuqn2mbsjh4latzdi,did:plc:nqcux6nh4uko4u4wbenqcbaw,!no-unauthenticated,,at://did:plc:nqcux6nh4uko4u4wbenqcbaw/app.bsky.actor.profile/self,2025-03-01T22:08:31.073Z
ca0b3a0addc74faaafec1e72b96c3bd2,2026-02-24T08:00:00Z,2026-02-24T08:12:37Z,auth,auth_enUS_labelerexp,at://did:plc:ydunclv7x3vng3hkof6dryc7/app.bsky.feed.post/3mflozb4gvk27,bafyreiekji2lnbyfnckwxvdyev73nzeummssmlygnxbgt45vbndconhomi,did:plc:ar7c4by46qjdydhdevvrndac,sexual,,at://did:plc:ydunclv7x3vng3hkof6dryc7/app.bsky.feed.post/3mflozb4gvk27,2026-02-24T07:57:56.346Z
ca0b3a0addc74faaafec1e72b96c3bd2,2026-02-24T08:00:00Z,2026-02-24T08:12:37Z,auth,auth_enUS_labelerexp,at://did:plc:ydunclv7x3vng3hkof6dryc7/app.bsky.feed.post/3mflozb4gvk27,bafyreiekji2lnbyfnckwxvdyev73nzeummssmlygnxbgt45vbndconhomi,did:plc:ydunclv7x3vng3hkof6dryc7,porn,,at://did:plc:ydunclv7x3vng3hkof6dryc7/app.bsky.feed.post/3mflozb4gvk27,2026-02-24T07:57:50.342Z
ca0b3a0addc74faaafec1e72b96c3bd2,2026-02-24T08:00:00Z,2026-02-24T08:12:37Z,auth,auth_enUS_labelerexp,at://did:plc:ydunclv7x3vng3hkof6dryc7/app.bsky.feed.post/3mflotofpus27,bafyreieixvlapz4qbsxdpehe5len5fiwsdh3k5xs57s3tzyqt7vbnmten4,did:plc:ar7c4by46qjdydhdevvrndac,nudity,,at://did:plc:ydunclv7x3vng3hkof6dryc7/app.bsky.feed.post/3mflotofpus27,2026-02-24T07:54:48.761Z
ca0b3a0addc74faaafec1e72b96c3bd2,2026-02-24T08:00:00Z,2026-02-24T08:12:37Z,auth,auth_enUS_labelerexp,at://did:plc:4mj4jurgo5xnb5qo7hsxfjw6/app.bsky.feed.post/3mflojdu3is2o,bafyreiaubwiffd5efsrmxwjahxatidm3saovgpkwjsprgnftvctjazyrvy,did:plc:4mj4jurgo5xnb5qo7hsxfjw6,!no-unauthenticated,,at://did:plc:4mj4jurgo5xnb5qo7hsxfjw6/app.bsky.actor.profile/self,1970-01-01T00:00:00.000Z
ca0b3a0addc74faaafec1e72b96c3bd2,2026-02-24T08:00:00Z,2026-02-24T08:12:37Z,auth,auth_enUS_labelerexp,at://did:plc:lugdrylhevsxh7h3jfhshvwz/app.bsky.feed.post/3mfllon5eis2c,bafyreifwe43cytbc7oxydzwxol3cbfj4lddgiqyt2htacfl5zcfdb6tgge,did:plc:ar7c4by46qjdydhdevvrndac,porn,,at://did:plc:lugdrylhevsxh7h3jfhshvwz/app.bsky.actor.profile/self,2024-12-26T01:59:18.309Z
ca0b3a0addc74faaafec1e72b96c3bd2,2026-02-24T08:00:00Z,2026-02-24T08:12:37Z,auth,auth_enUS_labelerexp,at://did:plc:wtzuscce7ppkh33ncuz7jw6l/app.bsky.feed.post/3mflkznpatk2y,bafyreidbvv3i73xhxnjq4grfjovxowzb67qfqjiaeg7azl463cux6ykhfq,did:plc:ar7c4by46qjdydhdevvrndac,porn,,at://did:plc:wtzuscce7ppkh33ncuz7jw6l/app.bsky.feed.post/3mflkznpatk2y,2026-02-24T06:46:30.794Z
ca0b3a0addc74faaafec1e72b96c3bd2,2026-02-24T08:00:00Z,2026-02-24T08:12:37Z,auth,auth_enUS_labelerexp,at://did:plc:wtzuscce7ppkh33ncuz7jw6l/app.bsky.feed.post/3mflkznpatk2y,bafyreidbvv3i73xhxnjq4grfjovxowzb67qfqjiaeg7azl463cux6ykhfq,did:plc:ar7c4by46qjdydhdevvrndac,porn,,at://did:plc:wtzuscce7ppkh33ncuz7jw6l/app.bsky.actor.profile/self,2024-06-18T13:13:34.069Z
ca0b3a0addc74faaafec1e72b96c3bd2,2026-02-24T08:00:00Z,2026-02-24T08:12:37Z,auth,auth_enUS_labelerexp,at://did:plc:nujawgku7u6pdsqr5ahtt4hv/app.bsky.feed.post/3mflkrkvqzk2l,bafyreie25rjru3qxxfnks5pbojtzxvgs4vkfxw3rwvdrseqlsiut3rjvyi,did:plc:ar7c4by46qjdydhdevvrndac,porn,,at://did:plc:nujawgku7u6pdsqr5ahtt4hv/app.bsky.actor.profile/self,2024-07-25T07:37:12.122Z
ca0b3a0addc74faaafec1e72b96c3bd2,2026-02-24T08:00:00Z,2026-02-24T08:12:37Z,auth,auth_enUS_labelerexp,at://did:plc:jjinxh6ol5lfrrsoepciqjyk/app.bsky.feed.post/3mfljkwm6d22g,bafyreicsmaaew5zzd3xsmczn32uvoh4cvrjqugycdy3vd5zleqghpgnoom,did:plc:ar7c4by46qjdydhdevvrndac,sexual,,at://did:plc:jjinxh6ol5lfrrsoepciqjyk/app.bsky.feed.post/3mfljkwm6d22g,2026-02-24T06:20:22.948Z
ca0b3a0addc74faaafec1e72b96c3bd2,2026-02-24T08:00:00Z,2026-02-24T08:12:37Z,auth,auth_enUS_labelerexp,at://did:plc:jjinxh6ol5lfrrsoepciqjyk/app.bsky.feed.post/3mfljkwm6d22g,bafyreicsmaaew5zzd3xsmczn32uvoh4cvrjqugycdy3vd5zleqghpgnoom,did:plc:ar7c4by46qjdydhdevvrndac,porn,,at://did:plc:jjinxh6ol5lfrrsoepciqjyk/app.bsky.actor.profile/self,2025-02-19T14:32:06.873Z
ca0b3a0addc74faaafec1e72b96c3bd2,2026-02-24T08:00:00Z,2026-02-24T08:12:37Z,auth,auth_enUS_labelerexp,at://did:plc:k46x6eqya6ocm3jdr5iigxdx/app.bsky.feed.post/3mflj3ptk6c2i,bafyreia5bznxotvtrn24ob5iey4ortbxhvqj7og2q2xjret6qt64riy5am,did:plc:k46x6eqya6ocm3jdr5iigxdx,!no-unauthenticated,,at://did:plc:k46x6eqya6ocm3jdr5iigxdx/app.bsky.actor.profile/self,1970-01-01T00:00:00.000Z
ca0b3a0addc74faaafec1e72b96c3bd2,2026-02-24T08:00:00Z,2026-02-24T08:12:37Z,auth,auth_enUS_labelerexp,at://did:plc:32yfwn7nxprcdvtccf23uyhb/app.bsky.feed.post/3mflize33622p,bafyreicujrbaqcxcmu6qz677yrcwky3tzogjs6epexbkm7bldzkiherti4,did:plc:32yfwn7nxprcdvtccf23uyhb,!no-unauthenticated,,at://did:plc:32yfwn7nxprcdvtccf23uyhb/app.bsky.actor.profile/self,1970-01-01T00:00:00.000Z
ca0b3a0addc74faaafec1e72b96c3bd2,2026-02-24T08:00:00Z,2026-02-24T08:12:37Z,auth,auth_enUS_labelerexp,at://did:plc:klghbdfxwbsmw45hvmnzm57l/app.bsky.feed.post/3mflijobr6k22,bafyreierv2hz4wk2mciwjg7fqw56abtap4ipz5t5qa6zjycjznub4354li,did:plc:ar7c4by46qjdydhdevvrndac,porn,,at://did:plc:klghbdfxwbsmw45hvmnzm57l/app.bsky.feed.post/3mflijobr6k22,2026-02-24T06:01:48.672Z
ca0b3a0addc74faaafec1e72b96c3bd2,2026-02-24T08:00:00Z,2026-02-24T08:12:37Z,auth,auth_enUS_labelerexp,at://did:plc:klghbdfxwbsmw45hvmnzm57l/app.bsky.feed.post/3mflijobr6k22,bafyreierv2hz4wk2mciwjg7fqw56abtap4ipz5t5qa6zjycjznub4354li,did:plc:ar7c4by46qjdydhdevvrndac,porn,,at://did:plc:klghbdfxwbsmw45hvmnzm57l/app.bsky.actor.profile/self,2025-04-06T08:45:38.752Z
ca0b3a0addc74faaafec1e72b96c3bd2,2026-02-24T08:00:00Z,2026-02-24T08:12:37Z,auth,auth_enUS_labelerexp,at://did:plc:klghbdfxwbsmw45hvmnzm57l/app.bsky.feed.post/3mflijobr6k22,bafyreierv2hz4wk2mciwjg7fqw56abtap4ipz5t5qa6zjycjznub4354li,did:plc:ar7c4by46qjdydhdevvrndac,sexual,,at://did:plc:klghbdfxwbsmw45hvmnzm57l/app.bsky.actor.profile/self,2025-03-27T16:23:58.990Z
ca0b3a0addc74faaafec1e72b96c3bd2,2026-02-24T08:00:00Z,2026-02-24T08:12:37Z,auth,auth_enUS_labelerexp,at://did:plc:ulrtvofkoeck4nq5rz2kpomb/app.bsky.feed.post/3mflhedlzmk22,bafyreibv23j7mwg3tbjp4m5mf636mdhotqghecf7cemtscefhkhvbywmae,did:plc:ulrtvofkoeck4nq5rz2kpomb,!no-unauthenticated,,at://did:plc:ulrtvofkoeck4nq5rz2kpomb/app.bsky.actor.profile/self,1970-01-01T00:00:00.000Z
ca0b3a0addc74faaafec1e72b96c3bd2,2026-02-24T08:00:00Z,2026-02-24T08:12:37Z,auth,auth_enUS_labelerexp,at://did:plc:2uufde7u55z4it3u55jotobs/app.bsky.feed.post/3mfleyjco6k2e,bafyreiemj5kb66xh6m6mewotw3thhiwd4zblxgalz6jjc4344x6bb4oyqu,did:plc:2uufde7u55z4it3u55jotobs,!no-unauthenticated,,at://did:plc:2uufde7u55z4it3u55jotobs/app.bsky.actor.profile/self,1970-01-01T00:00:00.000Z
ca0b3a0addc74faaafec1e72b96c3bd2,2026-02-24T08:00:00Z,2026-02-24T08:12:37Z,auth,auth_enUS_labelerexp,at://did:plc:bdbhglrzs2paoqr5hinaland/app.bsky.feed.post/3mfleysiyfc26,bafyreibtwaimjc3qkp6nlvsrrjhz3gsl42gkcigpgb2eutsv6q2oelw4v4,did:plc:ar7c4by46qjdydhdevvrndac,porn,,at://did:plc:bdbhglrzs2paoqr5hinaland/app.bsky.feed.post/3mfleysiyfc26,2026-02-24T04:58:38.813Z
ca0b3a0addc74faaafec1e72b96c3bd2,2026-02-24T08:00:00Z,2026-02-24T08:12:37Z,auth,auth_enUS_labelerexp,at://did:plc:bdbhglrzs2paoqr5hinaland/app.bsky.feed.post/3mfleysiyfc26,bafyreibtwaimjc3qkp6nlvsrrjhz3gsl42gkcigpgb2eutsv6q2oelw4v4,did:plc:bdbhglrzs2paoqr5hinaland,porn,,at://did:plc:bdbhglrzs2paoqr5hinaland/app.bsky.feed.post/3mfleysiyfc26,2026-02-24T04:58:19.000Z
ca0b3a0addc74faaafec1e72b96c3bd2,2026-02-24T08:00:00Z,2026-02-24T08:12:37Z,auth,auth_enUS_labelerexp,at://did:plc:twg5utnlcqpxfwjlxwsaatew/app.bsky.feed.post/3mflesl5ils2b,bafyreidvroed53qvm54esgqok4efddqom3xcg5u5vwkgs7jgp2hnlxccai,did:plc:ar7c4by46qjdydhdevvrndac,sexual,,at://did:plc:twg5utnlcqpxfwjlxwsaatew/app.bsky.feed.post/3mflesl5ils2b,2026-02-24T04:55:15.235Z
ca0b3a0addc74faaafec1e72b96c3bd2,2026-02-24T08:00:00Z,2026-02-24T08:12:37Z,auth,auth_enUS_labelerexp,at://did:plc:twg5utnlcqpxfwjlxwsaatew/app.bsky.feed.post/3mflesl5ils2b,bafyreidvroed53qvm54esgqok4efddqom3xcg5u5vwkgs7jgp2hnlxccai,did:plc:twg5utnlcqpxfwjlxwsaatew,sexual,,at://did:plc:twg5utnlcqpxfwjlxwsaatew/app.bsky.feed.post/3mflesl5ils2b,2026-02-24T04:55:08.561Z
ca0b3a0addc74faaafec1e72b96c3bd2,2026-02-24T08:00:00Z,2026-02-24T08:12:37Z,auth,auth_enUS_labelerexp,at://did:plc:twg5utnlcqpxfwjlxwsaatew/app.bsky.feed.post/3mflesl5ils2b,bafyreidvroed53qvm54esgqok4efddqom3xcg5u5vwkgs7jgp2hnlxccai,did:plc:ar7c4by46qjdydhdevvrndac,porn,,at://did:plc:twg5utnlcqpxfwjlxwsaatew/app.bsky.actor.profile/self,2024-11-18T00:58:58.210Z
ca0b3a0addc74faaafec1e72b96c3bd2,2026-02-24T08:00:00Z,2026-02-24T08:12:37Z,auth,auth_enUS_labelerexp,at://did:plc:twg5utnlcqpxfwjlxwsaatew/app.bsky.feed.post/3mflesl5ils2b,bafyreidvroed53qvm54esgqok4efddqom3xcg5u5vwkgs7jgp2hnlxccai,did:plc:twg5utnlcqpxfwjlxwsaatew,!no-unauthenticated,,at://did:plc:twg5utnlcqpxfwjlxwsaatew/app.bsky.actor.profile/self,2024-11-18T00:58:56.009Z
ca0b3a0addc74faaafec1e72b96c3bd2,2026-02-24T08:00:00Z,2026-02-24T08:12:37Z,auth,auth_enUS_labelerexp,at://did:plc:uzrv2lu6h2twgaanjwdce4uh/app.bsky.feed.post/3mflehryl3s2q,bafyreieh4obtf2qkk66s5peffia2ngsjtotyqycukkwgd4q5aosnqv6bzu,did:plc:ar7c4by46qjdydhdevvrndac,porn,,at://did:plc:uzrv2lu6h2twgaanjwdce4uh/app.bsky.feed.post/3mflehryl3s2q,2026-02-24T04:49:15.921Z
ca0b3a0addc74faaafec1e72b96c3bd2,2026-02-24T08:00:00Z,2026-02-24T08:12:37Z,auth,auth_enUS_labelerexp,at://did:plc:uzrv2lu6h2twgaanjwdce4uh/app.bsky.feed.post/3mflehryl3s2q,bafyreieh4obtf2qkk66s5peffia2ngsjtotyqycukkwgd4q5aosnqv6bzu,did:plc:ar7c4by46qjdydhdevvrndac,porn,,at://did:plc:uzrv2lu6h2twgaanjwdce4uh/app.bsky.actor.profile/self,2025-06-19T19:17:59.949Z
ca0b3a0addc74faaafec1e72b96c3bd2,2026-02-24T08:00:00Z,2026-02-24T08:12:37Z,auth,auth_enUS_labelerexp,at://did:plc:jkibth2fnjnir3foi324nypk/app.bsky.feed.post/3mfle64lzpk2d,bafyreibumevlnkjtsgox4p6g4h33ukg5pfhag3z7konsmocucythsebeim,did:plc:jkibth2fnjnir3foi324nypk,!no-unauthenticated,,at://did:plc:jkibth2fnjnir3foi324nypk/app.bsky.actor.profile/self,1970-01-01T00:00:00.000Z
ca0b3a0addc74faaafec1e72b96c3bd2,2026-02-24T08:00:00Z,2026-02-24T08:12:37Z,auth,auth_enUS_labelerexp,at://did:plc:jkibth2fnjnir3foi324nypk/app.bsky.feed.post/3mfldt6wcgc2d,bafyreifz6egz3yfq3uerpzpa2smnali7clhvnpihavezbbr3nhfbb5e43u,did:plc:jkibth2fnjnir3foi324nypk,!no-unauthenticated,,at://did:plc:jkibth2fnjnir3foi324nypk/app.bsky.actor.profile/self,1970-01-01T00:00:00.000Z
ca0b3a0addc74faaafec1e72b96c3bd2,2026-02-24T08:00:00Z,2026-02-24T08:12:37Z,auth,auth_enUS_labelerexp,at://did:plc:zv2w6lqrdqgy2efl3y7uylae/app.bsky.feed.post/3mfldprsg6s2v,bafyreigvyrkqvngxrc2r4izag3mn7debwn54pu7nlw7wsss235pnwhnxw4,did:plc:zv2w6lqrdqgy2efl3y7uylae,!no-unauthenticated,,at://did:plc:zv2w6lqrdqgy2efl3y7uylae/app.bsky.actor.profile/self,2024-11-15T20:35:14.070Z
ca0b3a0addc74faaafec1e72b96c3bd2,2026-02-24T08:00:00Z,2026-02-24T08:12:37Z,auth,auth_enUS_labelerexp,at://did:plc:edtjx54au22lumvzltjcnfau/app.bsky.feed.post/3mfldloxyek2m,bafyreieq23lgiwzcxxlm6oohmkvm3fz7bmyczlyo7n2deftfrhbl7uwcn4,did:plc:ar7c4by46qjdydhdevvrndac,porn,,at://did:plc:edtjx54au22lumvzltjcnfau/app.bsky.feed.post/3mfldloxyek2m,2026-02-24T04:33:29.450Z
ca0b3a0addc74faaafec1e72b96c3bd2,2026-02-24T08:00:00Z,2026-02-24T08:12:37Z,auth,auth_enUS_labelerexp,at://did:plc:35dw4y7njzquujbvljcdofr5/app.bsky.feed.post/3mfldcx2ugs2f,bafyreidftnxuevd5vybwmbbjpg4vo372oxsewlptmiofvwbhefai2pu4gi,did:plc:35dw4y7njzquujbvljcdofr5,sexual,,at://did:plc:35dw4y7njzquujbvljcdofr5/app.bsky.feed.post/3mfldcx2ugs2f,2026-02-24T04:28:30.445Z
ca0b3a0addc74faaafec1e72b96c3bd2,2026-02-24T08:00:00Z,2026-02-24T08:12:37Z,auth,auth_enUS_labelerexp,at://did:plc:35dw4y7njzquujbvljcdofr5/app.bsky.feed.post/3mfldcx2ugs2f,bafyreidftnxuevd5vybwmbbjpg4vo372oxsewlptmiofvwbhefai2pu4gi,did:plc:35dw4y7njzquujbvljcdofr5,!no-unauthenticated,,at://did:plc:35dw4y7njzquujbvljcdofr5/app.bsky.actor.profile/self,1970-01-01T00:00:00.000Z
ca0b3a0addc74faaafec1e72b96c3bd2,2026-02-24T08:00:00Z,2026-02-24T08:12:37Z,auth,auth_enUS_labelerexp,at://did:plc:rnu2ttrx5zbthskq4frrcbsn/app.bsky.feed.post/3mflcwxqb6s2q,bafyreidajmr2zmwu2xqcs6plmmcf6kczxtgbjxqbod7auqgyxpi23tk5qu,did:plc:rnu2ttrx5zbthskq4frrcbsn,!no-unauthenticated,,at://did:plc:rnu2ttrx5zbthskq4frrcbsn/app.bsky.actor.profile/self,1970-01-01T00:00:00.000Z
ca0b3a0addc74faaafec1e72b96c3bd2,2026-02-24T08:00:00Z,2026-02-24T08:12:37Z,auth,auth_enUS_labelerexp,at://did:plc:eb6efohvlacy5k4t5lnve6cb/app.bsky.feed.post/3mflbswzces2p,bafyreiev4bodguydna44azcptb74ozjwrqjiniclbsk3cnz5zymugrmv7a,did:plc:eb6efohvlacy5k4t5lnve6cb,!no-unauthenticated,,at://did:plc:eb6efohvlacy5k4t5lnve6cb/app.bsky.actor.profile/self,1970-01-01T00:00:00.000Z
ca0b3a0addc74faaafec1e72b96c3bd2,2026-02-24T08:00:00Z,2026-02-24T08:12:37Z,auth,auth_enUS_labelerexp,at://did:plc:ax3racvysbpm76ryrmnzppvs/app.bsky.feed.post/3mflbfpi3as2q,bafyreiejr2qdlekzajvyhq5ttqieo4aqlur5s7x5ktlkob4o5orsmxv7ga,did:plc:ax3racvysbpm76ryrmnzppvs,!no-unauthenticated,,at://did:plc:ax3racvysbpm76ryrmnzppvs/app.bsky.actor.profile/self,1970-01-01T00:00:00.000Z
ca0b3a0addc74faaafec1e72b96c3bd2,2026-02-24T08:00:00Z,2026-02-24T08:12:37Z,auth,auth_enUS_labelerexp,at://did:plc:nj4oultc3uumppnndep44m5c/app.bsky.feed.post/3mflbfmbrss2o,bafyreiea4ielbsfg66nkv3veeg2t5vmbkbristf5mzqvkrtbxkfok2dsje,did:plc:nj4oultc3uumppnndep44m5c,!no-unauthenticated,,at://did:plc:nj4oultc3uumppnndep44m5c/app.bsky.actor.profile/self,1970-01-01T00:00:00.000Z
ca0b3a0addc74faaafec1e72b96c3bd2,2026-02-24T08:00:00Z,2026-02-24T08:12:37Z,auth,auth_enUS_labelerexp,at://did:plc:mwnhzyghrjw2trmhk2zts5r5/app.bsky.feed.post/3mflbbd4cwc25,bafyreieuvl4g664wjn2rors5af4mxh6hi464vibbi2ibuc5oo7bpqmxzs4,did:plc:mwnhzyghrjw2trmhk2zts5r5,!no-unauthenticated,,at://did:plc:mwnhzyghrjw2trmhk2zts5r5/app.bsky.actor.profile/self,1970-01-01T00:00:00.000Z
ca0b3a0addc74faaafec1e72b96c3bd2,2026-02-24T08:00:00Z,2026-02-24T08:12:37Z,auth,auth_enUS_labelerexp,at://did:plc:2uufde7u55z4it3u55jotobs/app.bsky.feed.post/3mflb52ayas2e,bafyreih3aq3kcbwrpjkbr76zrkdnxovnkp22eae4mbia22b2q7pk27giem,did:plc:2uufde7u55z4it3u55jotobs,!no-unauthenticated,,at://did:plc:2uufde7u55z4it3u55jotobs/app.bsky.actor.profile/self,1970-01-01T00:00:00.000Z
ca0b3a0addc74faaafec1e72b96c3bd2,2026-02-24T08:00:00Z,2026-02-24T08:12:37Z,auth,auth_enUS_labelerexp,at://did:plc:grqneyhyebmce6pva7jnzvwe/app.bsky.feed.post/3mflaqomnfc2y,bafyreicmyzywtwwv62ibbghdfb2l45az34uckwc2ebyf6pstrvupipv2uy,did:plc:grqneyhyebmce6pva7jnzvwe,!no-unauthenticated,,at://did:plc:grqneyhyebmce6pva7jnzvwe/app.bsky.actor.profile/self,1970-01-01T00:00:00.000Z
ca0b3a0addc74faaafec1e72b96c3bd2,2026-02-24T08:00:00Z,2026-02-24T08:12:37Z,auth,auth_enUS_labelerexp,at://did:plc:bl5f56526buwskshapkmn73t/app.bsky.feed.post/3mflaofszk22n,bafyreiclugrqovx63shumxphuo6tdml3t66b3keltdbh6jcjtmtfh3ylmi,did:plc:bl5f56526buwskshapkmn73t,!no-unauthenticated,,at://did:plc:bl5f56526buwskshapkmn73t/app.bsky.actor.profile/self,1970-01-01T00:00:00.000Z
ca0b3a0addc74faaafec1e72b96c3bd2,2026-02-24T08:00:00Z,2026-02-24T08:12:37Z,auth,auth_enUS_labelerexp,at://did:plc:3t5wkfoer7ru73364zkqxnwa/app.bsky.feed.post/3mflalp4xz22d,bafyreih7wrjodovaz3p4bo6ywqlyly5thow7tlvxqcc2gvp7kb2dnngemi,did:plc:3t5wkfoer7ru73364zkqxnwa,!no-unauthenticated,,at://did:plc:3t5wkfoer7ru73364zkqxnwa/app.bsky.actor.profile/self,1970-01-01T00:00:00.000Z
ca0b3a0addc74faaafec1e72b96c3bd2,2026-02-24T08:00:00Z,2026-02-24T08:12:37Z,auth,auth_enUS_labelerexp,at://did:plc:e3utejmu2d4suyquxdmoob4c/app.bsky.feed.post/3mflabxgi6q2x,bafyreibfaq6akp6l37gahvc2o6u6hbpclqi55wy5ohfpnuuezqusc633ue,did:plc:ar7c4by46qjdydhdevvrndac,porn,,at://did:plc:e3utejmu2d4suyquxdmoob4c/app.bsky.actor.profile/self,2024-09-08T17:38:59.695Z
ca0b3a0addc74faaafec1e72b96c3bd2,2026-02-24T08:00:00Z,2026-02-24T08:12:37Z,auth,auth_enUS_labelerexp,at://did:plc:qj4uog2xdzxnu56kfpdbi3iy/app.bsky.feed.post/3mfla6asols24,bafyreif6njsuxll7cpsucwyy6ratftna5jxrc73biybsqyoh3f2pkadbee,did:plc:qj4uog2xdzxnu56kfpdbi3iy,!no-unauthenticated,,at://did:plc:qj4uog2xdzxnu56kfpdbi3iy/app.bsky.actor.profile/self,1970-01-01T00:00:00.000Z
ca0b3a0addc74faaafec1e72b96c3bd2,2026-02-24T08:00:00Z,2026-02-24T08:12:37Z,auth,auth_enUS_labelerexp,at://did:plc:5cx4pzibzpvjfda4ekgprl3o/app.bsky.feed.post/3mfl7zhl4js2q,bafyreielqv3y2fioufoann5wudw6diyuclc55czskwr3k6ixcuilkn3fyu,did:plc:5cx4pzibzpvjfda4ekgprl3o,!no-unauthenticated,,at://did:plc:5cx4pzibzpvjfda4ekgprl3o/app.bsky.actor.profile/self,1970-01-01T00:00:00.000Z
ca0b3a0addc74faaafec1e72b96c3bd2,2026-02-24T08:00:00Z,2026-02-24T08:12:37Z,auth,auth_enUS_labelerexp,at://did:plc:osnepgfxfxxuoqalyydyylvg/app.bsky.feed.post/3mfl7cejles2u,bafyreiexsygv5xizvfrwicrvyrvdq5lxo66waqox4rw6fa6w2ryinaombi,did:plc:osnepgfxfxxuoqalyydyylvg,!no-unauthenticated,,at://did:plc:osnepgfxfxxuoqalyydyylvg/app.bsky.actor.profile/self,1970-01-01T00:00:00.000Z
ca0b3a0addc74faaafec1e72b96c3bd2,2026-02-24T08:00:00Z,2026-02-24T08:12:37Z,auth,auth_enUS_labelerexp,at://did:plc:fjwfm66r7ypbr5g7ruhrvyab/app.bsky.feed.post/3mfl73ordok2z,bafyreidp4zzl2zehy3totmfzd5ue7ktymbp5rjd3eqsuqjw3ycvhmooeo4,did:plc:ar7c4by46qjdydhdevvrndac,porn,,at://did:plc:fjwfm66r7ypbr5g7ruhrvyab/app.bsky.feed.post/3mfl73ordok2z,2026-02-24T03:12:59.838Z
ca0b3a0addc74faaafec1e72b96c3bd2,2026-02-24T08:00:00Z,2026-02-24T08:12:37Z,auth,auth_enUS_labelerexp,at://did:plc:fjwfm66r7ypbr5g7ruhrvyab/app.bsky.feed.post/3mfl73ordok2z,bafyreidp4zzl2zehy3totmfzd5ue7ktymbp5rjd3eqsuqjw3ycvhmooeo4,did:plc:fjwfm66r7ypbr5g7ruhrvyab,!no-unauthenticated,,at://did:plc:fjwfm66r7ypbr5g7ruhrvyab/app.bsky.actor.profile/self,1970-01-01T00:00:00.000Z
ca0b3a0addc74faaafec1e72b96c3bd2,2026-02-24T08:00:00Z,2026-02-24T08:12:37Z,auth,auth_enUS_labelerexp,at://did:plc:ax3racvysbpm76ryrmnzppvs/app.bsky.feed.post/3mfl6snb7js2n,bafyreiadbpyfuit726svnqcrwvmlnrt6mxwjxybfuxazwothbemgmqvmwe,did:plc:ax3racvysbpm76ryrmnzppvs,!no-unauthenticated,,at://did:plc:ax3racvysbpm76ryrmnzppvs/app.bsky.actor.profile/self,1970-01-01T00:00:00.000Z
ca0b3a0addc74faaafec1e72b96c3bd2,2026-02-24T08:00:00Z,2026-02-24T08:12:37Z,auth,auth_enUS_labelerexp,at://did:plc:ewbhqxd33f56m2qgbso7mvls/app.bsky.feed.post/3mfl6qnjmwk25,bafyreignf4wfl7lw2nemg4zwqplg4w4zl6w5nifljtwmyemaydgqn4kosa,did:plc:ewbhqxd33f56m2qgbso7mvls,!no-unauthenticated,,at://did:plc:ewbhqxd33f56m2qgbso7mvls/app.bsky.actor.profile/self,2024-11-30T04:46:15.479Z
ca0b3a0addc74faaafec1e72b96c3bd2,2026-02-24T08:00:00Z,2026-02-24T08:12:37Z,auth,auth_enUS_labelerexp,at://did:plc:jd7473ze76zgm2weib25d3kq/app.bsky.feed.post/3mfl6lumpos2d,bafyreicva4xkwppuwzsjj6sk3jm7vokm3updwiu2mqes6asxnzcmia5br4,did:plc:uac6er53o2pvr5y2qmvaf7hw,meta-link,,at://did:plc:jd7473ze76zgm2weib25d3kq/app.bsky.actor.profile/self,2025-11-25T03:54:49.153Z
ca0b3a0addc74faaafec1e72b96c3bd2,2026-02-24T08:00:00Z,2026-02-24T08:12:37Z,auth,auth_enUS_labelerexp,at://did:plc:jd7473ze76zgm2weib25d3kq/app.bsky.feed.post/3mfl6lumpos2d,bafyreicva4xkwppuwzsjj6sk3jm7vokm3updwiu2mqes6asxnzcmia5br4,did:plc:jd7473ze76zgm2weib25d3kq,!no-unauthenticated,,at://did:plc:jd7473ze76zgm2weib25d3kq/app.bsky.actor.profile/self,1970-01-01T00:00:00.000Z
